35412332
2273859
1996281
1997803
1991005
1988583
1968709
2000201
2007277
1597474
1737421
1663127
1633766
1985586
1807914
2008920
1884754
1936400
1791187
1995563
1968843
1817122
1751478
1982407
1884702
1982387
1987696
1973936
1996353
1989878
1987200
3779910
2007407
2066902
1994035
1880021
1914058
2014593
1986114
2012627
2018734
2016738
1944622
2017720
1739762
1728434
1711480
2021335
2059647
2017049
2009816
1634795
2016760
2074871
1980993
1920682
2056605
2002609
2349486
1395140
1316626
1462100
1422362
1600396
1540161
1643392
1896076
1440744
1766488
1313051
2217325
1384459
1254888
1802981
1423359
1349721
1425691
1528264
1563144
1578398
1485321
1539844
1687622
1551652
1419025
1500744
1874660
1569594
1306837
1637802
2001784
1473612
1378729
1712377
1682788
1442010
1763198
1399433
2085814
1473191
