35391795
8034376
7907799
1542136
3364065
6344143
10742466
1969133
3815169
12464795
14421645
1719613
5895622
3469691
11987250
1927274
9896616
13158777
13987214
1975429
7093300
5662600
5778707
1694740
4931516
6633917
5064433
1510091
2843080
7244207
7001775
1364561
4532990
6024507
6570069
1704779
8879358
2911671
1600912
1580812
9113860
2900872
9454194
1929456
13182135
13962435
13803197
1946566
11416666
13229260
12346362
3641007
7679869
5176103
6541068
1931941
7407527
6715508
4530996
1478257
3199212
14691637
13861210
1928620
14301294
11797702
16884558
1657080
11313454
12126867
15203702
1883923
12549471
14376098
15203426
1912521
11014120
16473564
13721162
1670722
8559839
3795654
5539713
1894139
11038174
6395566
4618556
1641164
3713787
3768801
3654054
1911655
3843053
1867108
1889229
1917997
1879339
1893779
1807469
1923935
