31461599
12503497
12098477
1521301
13924349
14906440
14615183
1964310
12122283
16218775
11196294
1619932
12681574
11162277
12473745
1682063
9902203
3315375
9594169
1778064
11360164
16150819
1975197
1588956
12057147
13677867
15573390
1450944
1594156
10222586
3969985
1807268
1965265
7657560
7183145
1635368
1607907
7564090
7975421
1547092
8155544
3905581
13624943
1739596
12843498
20006931
15776357
1968943
15647860
17374726
15811835
1625752
13780074
10704276
3878049
1925199
9583125
3524273
9795666
1633807
16955891
19673946
12525138
1681943
15734188
15401888
11210225
1881578
1940186
10628314
3026806
1519537
1463112
5787399
7758019
1882756
7748501
3857986
7772936
1912522
2039816
7439650
1629226
1521425
1493279
1483930
1887945
1855658
1912887
1743730
1900130
1915622
1908842
1904102
1838779
1918560
1902949
1876535
1923468
1993381
