37168362
5349957
1619719
1594761
1782029
1426870
1736304
1629176
1796292
1785667
3265013
2060801
1441050
1410097
1573014
1800529
1530358
1392797
1906906
1909114
1416376
1352343
1612405
1632980
1809276
1811397
1556399
1848603
1483124
1767425
1496261
1823399
1597864
1469277
1493703
2085126
1449365
1692204
1661310
1841036
1431026
1461910
1492413
1211628
1265798
1286149
1577881
1754612
1358049
1552833
1442062
1670078
1691646
1553193
1845675
1490679
1658923
1794340
1892062
1849036
1562192
1243833
1634264
1610065
1858319
1552793
1681721
1463733
1660353
1631124
1728236
2051505
1516013
1480464
1567463
2068110
1400642
1455735
1361937
1495465
1406109
1657690
1483611
1556199
1723166
1510129
1573109
1604126
1588727
1545595
1635231
1753820
1846888
1605628
1321727
1593878
1410298
1687223
1593626
1496308
