37191368
5394861
1604398
1832476
1432620
1744383
1613574
1460047
2139207
1337903
1769475
1465625
1703739
1545048
1653244
1695509
1872571
1502098
1574474
1387948
1765699
1854751
1574620
1742691
1835574
1601743
1561830
1532859
1873650
1566931
1663524
1393633
1874672
1780656
1448063
1544022
1911351
1788674
1493648
1429224
1560024
1240066
1527969
1509146
1525341
1289248
1660440
1529214
1333119
1291061
1537843
1870303
1453080
1571807
1783319
1632016
1785621
1843259
1522437
1505413
1659421
1679793
1716608
1579837
1601834
1607617
1630805
1611347
1940010
1368981
1845259
1631258
1843722
1581084
1326779
1674847
1653673
1579888
1519997
1496226
1622469
1764792
1435482
1373901
1769301
1432279
1644382
1606278
1764014
1852430
1528719
1456635
1314281
1590233
1538349
1899378
1726594
1308960
1345881
1462493
