40264794
1774989
1453125
5866275
1659610
1531554
1589237
1547483
1699049
1829839
1625952
1524621
1558339
1509992
1459641
1753390
1514932
1309556
1492892
1481746
1870257
1249506
1804081
1262694
1422297
1488411
1484666
1656686
1418424
1679676
1359618
1545369
1495068
1502820
1374809
1538340
1651233
1294222
1993843
1301880
1490615
1222324
1603373
1711489
1436922
1578702
1273074
1268709
1578974
1460733
1800802
1245930
1352281
1375335
1771472
1283289
1385878
1427228
1448081
1502212
1509386
1470992
1551918
1926621
1754247
1468666
1512328
1421377
1672535
1393346
1417622
1193106
1494149
1835917
1360557
1201831
1282443
1549678
1312855
1448755
1788865
1496082
1603668
1274747
1749039
1378636
1189397
1477374
1325853
1646286
1666658
1173274
1564240
1352497
1767696
1300652
1262138
1345794
1438122
1492981
