136322267
90998289
89911479
188077841
189947755
189465047
90616079
89440080
89192144
191569978
88768412
196139667
190709718
192799589
91184431
88946888
89119267
191561424
188823403
189640974
90789192
88985393
190076456
190307981
91270088
88994554
90390057
190377127
188526300
190247734
89771655
192937777
87817214
90261151
87958729
190736331
189104035
191689394
90450877
89737449
89049013
191153440
188766039
193007364
90385938
87559335
89017693
189901013
190390592
189092464
91145862
90038421
89084498
192251480
191136301
86535103
190708750
189733968
189575537
86655837
192797643
90248750
90070449
89917795
190844540
90051975
190084786
89304490
190498910
190604351
89150685
88750429
191708742
89202654
190267008
89383128
193053537
86913094
190898555
190027885
91637296
90000525
187876351
189143322
190269994
91738359
88589994
89644169
191178283
188656349
189929653
91039720
89571603
89729106
189720236
190735943
192641902
90238661
87728791
89488228
