37470394
5906500
1668084
1861501
1417402
1326874
1590750
1558797
1600429
1394058
1584300
1329924
1842618
1746447
1880838
1625803
1702235
1931915
1655976
2087639
1735239
1594208
1477183
2083524
2026042
2008935
1941887
1988628
1897081
1661443
1744939
1684362
1390031
1711598
1312918
1367564
1503447
1518741
1563536
1433736
1573488
1294502
1584247
1601960
1784580
1621342
1405666
1710283
1523952
1532536
1641925
1563150
1410331
1295685
1439838
1240014
1408861
1584170
1614020
1618207
1514640
1542042
1812303
1527270
1705078
1609382
1751296
1768269
1954823
1596865
1996905
1671991
1740750
1840424
2041630
1950236
2206501
1667327
1871778
1456609
1505745
1472598
1657031
1516752
1788778
1455766
1653213
1560667
1706810
1555010
1456859
1578763
1904919
1536007
1402567
1535069
1538274
1569535
1538991
1578654
