37332925
1693956
1359008
2020847
3199518
1615924
1677082
1990746
1456210
1504521
1351711
1976463
1431944
1668161
1313423
1760035
1648591
1239268
1433886
1598661
1438213
1549786
1685123
1365374
1551575
1585608
1734076
1806326
1492285
1527977
1382812
1596086
1743528
1443530
1713854
1625044
1222326
1432783
1695019
1455422
1360865
1543582
1544754
1748932
1576367
1514666
1292683
1531995
1453077
1491986
1510350
1409025
1675526
1168585
1479743
1383300
1440053
1355379
1364488
1409496
1461714
1700898
1483375
1366677
1408811
1210676
1372131
1735306
1435720
1389844
1126142
1652194
1479090
1462024
1406694
1292253
1697432
1501033
1414955
1471709
1252926
1452805
1652943
1277443
1447280
1496195
1592424
1518802
1224190
1360370
1414927
1575780
1504605
1596226
1412847
1580349
1449870
1475405
1587806
1495707
