38830248
5942353
2058861
1420163
1421678
3906741
1384605
2153196
1549829
1485095
1710798
1380910
1770827
1581807
1604030
1617161
1611040
1772214
2008978
1384742
2018174
1605367
1580884
1472466
1483540
1601994
1496524
1985491
1721784
1544944
1283978
1772717
1280059
1692469
1412808
2054707
1375395
1817205
1318042
1550181
1384040
1654742
1665769
1659427
1612390
1556626
1629994
1305258
1838341
1562258
1439980
1371962
1298755
1319254
1629992
1813552
1365228
1502239
1536697
1733252
2136579
1493748
1470216
1904989
1512272
1409943
1520176
1626813
1345386
1561936
1637327
2040658
1250622
1584129
1657263
1429182
3706970
1401839
1705951
1505640
1588944
1551214
1915415
1348116
1795431
1339519
1803067
1535271
1399209
1605537
1658691
1720891
1633644
1312130
1467449
1677732
1456086
1955779
1531463
1523858
