86910975
90311210
88813025
190057045
190182640
89444097
190714597
89210343
90245923
189809525
190193296
189467324
89356901
88730075
192656720
189223025
90300691
87768250
192310748
192015161
88442556
89430206
89669960
190766439
189645181
190077721
88093804
192307972
89917528
89773132
90257348
190418549
89777567
190341232
88674765
190580702
189425998
192306911
88135854
90007599
90351054
189338566
192548236
87519681
89623862
190536702
191872696
87264603
90326615
190241896
190202195
192329629
87955367
89099626
89665423
192698960
87847332
190147589
189950232
190002539
89798723
190325297
85958478
190258161
86747950
187399528
89399271
190186704
189796304
188739699
85804967
189683831
90761977
187915886
87382389
189595361
192002886
87067967
88235622
191731707
190424929
190326102
90707932
86165672
191283295
189976536
87172478
192537483
89818615
191748043
90695397
90614829
89926248
189921153
191922941
87380649
89900798
190185508
189611585
89226966
