588656851
1677518760
562414724
1677644945
560512691
1679609713
559732064
1679885299
559905692
1680160069
559693978
1678006584
563107442
1679644285
559200260
1695884732
554356432
1679566542
559850773
1680187120
563711768
1675966378
560495559
1680674522
558900936
1681639978
558660297
1679346749
561030083
1679434897
559548136
1685172004
564766291
1680343025
561427781
1677895170
562271079
1678020228
559733784
1676568177
564947257
1678419850
560153998
1679579891
560529663
1679506816
560472752
1689542708
559437373
1682610511
557744237
1680486634
558893784
1679873461
560471887
1680571876
561108109
1677803167
559943273
1679889631
559095304
1680666937
561111010
1679957917
558708685
1680367993
560777530
1679186833
559777341
1679481041
560289401
1680156227
560294987
1677108793
561517989
1680616997
559688982
1680618607
559868386
1679770272
561150695
1678984879
559670235
1689962322
560085757
1676739980
563312073
1680710958
558054924
1681514548
559972446
1679054935
559410761
1670479074
559811519
1679987622
561316408
1679244967
560223836
1680335309
