89656912
88924414
190749808
90045627
190362085
89819479
191996141
87476299
189097612
190848641
189607242
89789814
90157461
90124026
189828030
190417635
189758989
89783286
89985313
90577749
190155713
189515941
191980799
88411565
89405228
90580394
189717601
189688448
189903494
90313691
190323396
89665718
89636363
90831707
189013029
90815161
190173530
89302525
189778100
189587178
190182516
89421842
190552309
89701170
90162358
190260959
89613766
90325446
190051163
89728981
189996249
89667895
190886038
90336485
189616358
89546654
189646896
90505547
191880623
88027714
189745819
190008399
191088552
89039391
90326771
89549894
190186806
90808583
189255852
89968251
190707962
88923160
190715854
89396100
190419115
89400154
190494500
90084191
190072455
189994098
189759877
89461918
87829379
192983174
189926470
89528848
90104289
87567345
192815855
88670864
190682222
90262154
191617220
188583519
90013927
189392452
89697807
190257641
89876777
192438642
