37935526
13318725
11379117
1716397
12654342
3310986
13285156
1958440
13087256
14682517
14400671
1387173
8402670
1520984
3056771
1432749
6425133
4892230
6191172
1319659
4671034
6640667
6578162
1631478
5040096
6299573
4840484
1653924
5191097
6445057
7493711
1944112
10138302
3400999
11216933
1884915
13887224
15277175
17307115
1921639
16118775
16666799
14976553
1928744
10431137
5857068
7884199
1928454
10028901
8028183
7939876
1935155
5839216
1991498
6586085
1671976
6875053
11860393
3843692
1942994
10305651
3288376
12211423
1322102
12668854
15450414
13022500
1584174
1925389
7677758
1938104
1931292
9141185
6357348
1860943
1935770
5711048
5730571
6981824
1935177
1879981
3828278
11431025
1930265
1949686
9588480
3705409
1899312
9406585
3781008
11018535
1932084
13576871
3829951
7769386
1932782
1924329
7765066
3902840
1603833
