33279078
12174845
3803164
2739435
5860780
3030025
16424196
1854695
10484357
3914237
10969099
1505287
9056961
15962097
7985241
1936327
11832896
2784393
10478545
1953157
12816167
11141361
13723496
1314467
5913139
3660683
10539639
1357326
1604981
9029688
3414937
1455574
1769214
7046286
7953456
1421734
4670018
8726699
3165237
1558722
7657028
3544224
10980627
1984594
1659646
9082281
3925367
1894506
9185297
3279882
10715503
1928661
10054583
2977405
12315410
1941582
8727328
3109196
15246218
1677361
7025135
6962395
7749458
1644629
3515114
9910500
3858225
1899611
1822704
6468128
1217464
1413464
2853288
8774179
5423940
1944134
1688355
3707945
11090830
1929637
10052964
2961779
12115040
1914880
13259293
12545915
4236721
1762276
7126613
5128524
11245478
1677632
13048902
3760420
10410870
1460677
13815819
11011952
9121685
1902667
