48635438
1523660
1538807
1358582
14863662
1765813
1979964
1656410
21152878
1831438
1640098
1868774
13818424
2094048
1444298
2077528
21034536
1731007
1627810
2000179
11762395
2183661
1768580
2045053
21387151
1613060
1889846
2172455
13088721
1996085
1870601
2214132
20076663
1828363
1559990
2014891
12576291
1884038
1568467
1665747
20294106
1739462
1549320
1933761
13512654
1995203
1863189
1746228
20027391
1931046
1567937
1428690
10617543
1853671
1341686
1876231
12341459
1675003
1630665
1812020
4773260
1799829
1870038
1973505
11389553
1536468
1661550
1557372
5353769
1621961
1549323
1718136
10903410
1602935
1709115
1990338
5290651
2063283
1754390
1682370
11564508
1636534
1651132
1636272
5573814
1936153
1934250
2086192
12624368
1734096
1878466
2132872
5636137
2053530
1731647
2101242
5545525
2062456
1744112
1917171
