123916627
147791180
149684471
89415366
89977615
90328603
89925785
145220374
179126675
90087630
90431266
149287362
121045125
89519995
149713532
89442855
180308782
148464784
85628515
148721647
151725758
147718552
148877332
148791694
89728536
89383269
145815205
88416588
147083505
149167085
148020875
91013172
87122016
148632893
148395177
87356982
90830190
148786698
145617100
88946374
89626357
87724391
86930118
89858542
91827018
148460504
145860518
90042202
235558861
147592133
89742799
87014062
144518076
149437482
89370399
86034456
95363693
149287488
89769962
145192292
144976623
145009010
147790187
148867895
88931045
88773674
90720978
90654264
174552488
149541062
148195231
147105470
269002684
89667759
146087572
148947650
87590447
147616174
90121928
89964486
121023397
88905790
145673464
90262190
154182526
145921917
148082697
85972496
155451886
149296889
90738478
144450534
90547333
89290666
146640681
148817832
90283199
149340559
147740169
90551869
