37479818
1480330
1559106
2559466
1419177
1665768
1470512
1375190
1549619
1550935
1620915
1748033
1383685
1538478
1475320
1614835
1567020
1373515
1671519
1543148
1519464
1529020
1538583
1589869
1572128
1492961
1587214
1504399
1684791
1554823
1712348
1704001
1578056
1376896
1439436
1563930
1664727
1297377
1510090
1501026
1504999
1537689
1689737
1384020
1634536
1550706
1701446
1552291
1502105
1587267
1578346
1464098
1466119
1504094
1308026
1226531
1367839
1285628
1356532
1347260
1348727
1465009
1694532
1415385
1233910
1459226
1443894
1638988
1414150
1628367
1423920
1248642
1289246
1483647
1447386
1739421
1350170
1414207
1484863
1403171
1490295
1551611
1568778
1402800
1397055
1361602
1447010
1595798
1312669
1299887
1449120
1539340
1510144
1441677
1357504
1421682
1634134
1466574
1409206
1391863
