42117595
15618364
13901119
1995974
13940251
16932897
13163923
1932251
12388526
13261187
13631412
1821110
13488579
15441423
15736529
1964782
13303398
14068137
12500572
1581441
10634932
12382175
12064593
1547782
10988104
12468410
12465967
1574188
10899857
12500802
12281511
1570702
10882302
12276599
13817911
1979222
14817613
14257190
15506786
1412177
13067301
15570603
15288427
1461269
13159602
14947538
15038474
1923496
12919778
15542797
13854018
1677713
12775204
13502188
13882508
1906674
13471169
15449232
14309708
1954741
13148264
13933331
15014704
1889508
12462888
15185311
15374875
1921840
13321488
14682345
14906095
1922972
13388167
18454235
14981954
1866721
13299187
15277583
15191429
1906334
13229023
14925269
14953950
1903846
13024898
14945841
14909073
1943791
12905486
12911752
12284191
1913682
12177712
13846804
14409558
1831709
12535898
14633711
14756881
1926256
