36402085
2906015
10191390
1873441
9470364
3478728
14323755
1740350
11771633
5289259
7583819
1927463
4974549
8007155
6460431
1599469
1543479
3299680
7770048
1637286
1822912
10844626
3165505
1642089
6488984
3006999
9284008
1619926
1708000
11630886
12963002
1409226
8361994
3302517
12867187
1509885
3746329
10006448
3953909
1749406
7906399
3954150
11862712
1640511
1546219
13796575
17350667
1630759
16573389
15728952
17341178
1370326
9498081
3906413
16009488
1942863
2025481
11981175
3770446
1930638
10414143
1631557
3207589
1921067
1975962
7878621
7875253
1996008
4958311
1580653
6606908
1514745
5919238
7827729
3766471
1674166
9807995
3678458
10681745
1538673
1436101
10682767
3716861
1909352
14801223
3150938
13001291
1921595
14683315
15389100
13443693
1785712
13194866
14912534
11600796
1922565
1914922
11688625
11644717
1879378
