34114819
29949705
30639133
1942259
28537094
26970361
30174259
1961174
28756040
28243086
24679365
1567840
23091810
24881836
24997670
1587584
23292441
24543529
31327262
1699441
28468543
30610972
29693398
1974075
28262753
30391553
27361225
1878424
26854715
30054549
29683875
1517661
27772101
30004153
30702538
1710479
27729517
33610930
30614987
1919126
28451973
30112924
29998082
1585784
28439742
26112551
26999171
1898453
26600194
29617215
18594994
1886275
5657698
7207937
7557704
1859378
5709204
7532341
7589613
1910064
5333985
7408769
7617523
1902947
5502621
7508754
7343560
1920211
5598890
7552023
7199154
1859063
5720827
6489234
6351821
1691671
5566359
7393496
7553385
1540199
5615407
7463145
7555954
1903598
5650349
7300398
7576735
1904563
5619524
7283555
7433993
1922964
5719467
7550627
7202291
1612402
5164660
7399523
7579218
1881965
