46109100
7982905
21614202
2275348
5631577
24545853
6465309
1528340
19617109
6474486
20517703
1738449
5886766
23053911
7899414
1947404
21304567
6951130
18874644
1325543
4556409
18566924
6181087
1493176
17030348
6196924
18756866
1547349
4613070
18707705
6040495
1527698
17241377
5984837
20820413
1968587
5552873
23515386
7666696
1952742
20383224
7733482
22365094
1641442
5917716
22461746
7466070
1944355
20842446
7727092
21290973
1699136
5362051
20802723
7162446
1605288
20756995
7758822
22148771
1926105
5419200
21644527
7503417
1630231
20271527
7607258
22912869
1724644
5798702
22318996
7224591
1920956
21339835
10711970
22418562
1918237
5668585
22903188
7523133
1900328
20919387
7240494
22619915
1910501
5436483
22269064
7585764
1892301
20025999
6581677
19230713
1742911
5414290
20728151
7189967
1786466
19763510
7037537
22209103
1861745
