40283930
2575280
1577441
5122142
1957463
1493175
1460043
1514659
1556200
1514944
1349487
1585177
1599594
1677808
1546005
1647714
1515272
1871331
1613823
1305582
1259466
1756318
1309825
1307384
1542206
1546654
1708672
1512735
1451850
1530504
1516519
1398152
1450154
1736631
1473477
1449814
1495030
1307139
1546715
1423820
1587369
1457893
1617847
1854939
1717993
1489544
1178138
1223805
1952881
1316451
1633786
1197862
1425074
1552714
1600399
1199246
1339750
1437842
1822245
1539428
1607508
1449398
1713378
1356076
1607706
1408126
1400307
1361454
1384324
1288895
1691237
1196542
1557166
1622413
1384940
1612298
1490644
1391986
1377519
1497167
1677101
1250493
1572378
1417230
1563800
1251021
1556177
1483950
1250397
1722637
1382512
1450363
1402519
1479583
1465830
1467031
1459332
1632849
1375234
1409533
