89112687
191608924
88719359
90093981
190651118
89246493
188898329
88369507
190218354
88527560
191645344
89894793
191872582
90481032
189952291
89174512
189659065
87976678
192790851
89788380
189922828
89549981
190895389
90132722
191540794
87957395
192356530
87681568
190849154
90181094
189937179
90245272
188437818
90187677
189969904
87734680
192319398
88400929
191585771
89972422
190052659
89670830
190452846
90050255
190011139
89681520
189855736
90325655
189866741
90234189
189489720
89938335
189583865
89798673
190897259
89779786
189976894
90329723
190154028
89550270
190062064
89388731
190483801
90073103
189912625
87337363
188629460
87656103
188821723
88077748
189575693
90655616
189202583
89900834
190289263
89962499
190039443
90939101
188724668
89899592
192421221
87757693
190003165
89724049
190502696
89748031
189908232
89700701
190644477
89505367
188883505
89931751
192769302
88569331
189745972
90332090
189279724
90494546
189632948
90409580
