39439448
15188875
11240624
1689848
1968058
13061353
3231719
1936701
9294328
3916837
8204652
1357115
10655903
3958275
9242776
1656205
8892756
6448870
5812676
1549969
5351440
5914485
8822312
1931670
9507322
3228944
9964296
2358672
8720876
14033945
12211136
1593275
13589946
15536469
12812553
1797364
9487852
3961999
9867789
1931651
11825448
5606360
6508639
1641350
3526628
9210311
3578494
1323313
7831120
5294652
9722785
1642524
12075408
15249437
13767596
2254367
12130248
15733097
13689479
1695627
9353204
7324075
7242296
1923962
3632055
6778353
6042084
1617012
5062848
7718677
7617388
1912470
3413328
9011482
7679106
1772344
2645863
11835855
3791408
1793534
5456714
7325372
10830943
1992660
1564638
9299554
1562686
1303272
1622250
10529606
9353927
1533221
7596039
5495218
5876211
1593503
3400844
7535781
5594624
1927266
