33166171
9370550
3145583
2038498
6784507
3109357
10424504
1618591
5559522
7086703
7731197
1978688
3450567
11539304
3140414
1638871
9662868
3273684
11365761
1577225
12611086
12891489
9096461
1512659
1656648
9709964
3266164
1688577
8348498
3088555
8107065
1656240
1751123
9837628
3966111
1743924
2013310
8627453
6567235
1616908
5822665
5912176
7935610
1954695
5919476
8253156
6751560
1883567
5931765
11637294
3427108
1714504
1684840
11133726
3999411
1923256
1630674
6236655
7782702
1921738
5666268
1961621
5341886
1404278
3816300
11952317
3976385
1922193
16112644
17076695
17759067
1930998
13636839
15036929
13550730
1920289
13326044
14263558
13932582
1889982
18311175
16600823
10911611
1828057
5760767
7555614
7751011
1915870
3827314
7634652
7406441
1917179
5359156
6086566
9187918
1937349
1976929
13481405
11711994
1942541
