50115040
29650263
31848377
1629390
25999413
27474024
31000814
1940307
28970003
25039799
24705030
1512868
23316806
24993282
24862166
1552760
23064544
27968688
30846748
1946116
28254313
29978814
30007828
1900457
28672346
28790521
28219770
1640769
27931974
29607127
29400001
1696486
27737895
30411782
29740016
1753001
28608180
3572739
30109863
1936052
28488131
30162539
29978017
1933191
27900515
28905373
26353931
1811688
25933275
28855647
29641212
1851936
5720801
7503507
7195498
1948693
5612952
7555802
7493250
1920546
5758668
7223391
7393320
1912895
5719858
7363906
7300980
1923568
5651356
7520266
7440859
1892023
5450170
7249134
6257404
1636353
5031459
7469942
7352854
1900183
5333787
7469538
7473342
1897378
5722983
7257146
7571861
1933895
5632806
7502551
7264266
1858051
5633011
7609754
7482346
1921815
4804262
7295707
7417553
1903814
