38287150
1735356
1438099
5539003
4309096
1536793
1452509
1344080
1376375
1728568
1385139
1385575
1379728
1630875
1589273
1466900
1788296
1606312
1509204
1389336
1980314
1841487
1305376
1220726
1415030
1522288
1355477
1329750
1287357
1610105
1377747
1455251
1571262
1350765
1466173
1553231
1290093
1182209
1203440
1234872
1196580
1281309
1597328
1428320
1752896
1377910
1233448
1267873
1376308
1379931
1538601
1498510
1201140
1490639
1528651
1427733
1553186
1465351
1656057
1380539
1473691
1369716
1540052
1372229
1347975
1313704
1512481
1577568
1721826
1563906
1821380
1214853
1495046
1580071
1697631
1804557
3595254
1369452
1339572
1654690
1596104
1735290
1841577
1327573
1379050
1213535
1309445
1459512
1511557
1192690
1550629
1886822
1684006
1476942
1163253
1140533
1649794
1269965
1515446
1490761
