723719
169470
120738
649080
160103
84574
629094
93822
520133
864335
90277
784699
116961
624317
174464
94952
1064690
876204
515726
634864
662523
91315
521486
155493
161727
163563
162281
156754
161736
165853
161848
163673
164776
165975
162597
156488
162047
130895
169936
171833
173644
165387
162938
122639
129105
85937
689987
699509
122336
88446
712864
91989
779362
749269
90929
573832
155491
172423
156060
164564
163812
165531
127430
1409532
138934
162027
179638
191195
187064
195258
187001
185703
138062
153675
110104
947976
906753
89169
713817
92677
941543
764157
92321
604424
91892
773464
93598
766324
91365
527188
574998
560526
742549
93776
472857
689002
619555
639192
660526
655918
654276
799873
90447
778434
105766
772427
89096
775183
88105
784423
88022
767745
86572
777911
87228
637103
90618
788240
87523
700347
94184
568731
93671
415997
612849
771322
89162
771419
89083
760242
88841
773232
90615
775676
103357
459622
663077
706136
93941
554721
91848
548816
105651
632777
88429
644273
650082
780338
87417
730329
91289
463551
644126
126635
135822
134504
136435
130826
129385
134330
134191
133708
130648
134223
147187
133889
127021
133195
136592
134601
140402
143004
737893
755581
1046790
861369
757309
680389
753494
137743
124529
155281
100704
164354
760627
94700
179747
186708
301177
862687
204667
436415
210433
221606
110801
1086269
252103
184369
187534
994551
1365439
694267
824765
199728
267520
715939
716452
622522
883639
630797
830210
648287
150788
102770
476913
865348
184867
98234
528107
660129
659457
654908
80645
710042
147979
135476
121641
127902
129686
87368
746264
595483
678886
90981
886831
139021
102339
618959
690549
88593
498629
662252
634252
700816
145691
165858
127927
162770
129945
122189
127102
89440
628320
543497
650132
579984
653470
611031
583748
504087
92980
490355
606084
675682
934814
89203
694958
91358
463672
741188
958357
156965
77465
410847
624266
147046
138513
128130
87443
872074
90395
612479
543587
617656
589569
629516
782164
94463
556454
92540
575178
92199
555242
93884
461270
738908
158742
91270
618773
157689
83606
388105
94547
549594
160935
90272
488901
91500
446270
704552
90619
470001
655850
665347
635687
153476
168007
157572
135386
123228
86169
777116
580392
675841
91027
1206658
83962
592656
600523
483759
855675
560407
615502
708232
102515
768161
749943
776431
92681
127232
141605
129539
707445
172252
93443
777288
774628
85596
553353
177746
131389
119828
90593
1111491
83987
756466
91923
118431
119192
117409
140658
117736
117985
119783
129410
117969
118724
117999
167891
122046
117543
119132
93906
658887
93423
730565
107204
840086
578728
613714
816515
403589
678079
156829
83249
336909
709244
451633
493673
500392
541971
593526
549427
593493
493060
548171
532126
575770
622005
661515
811309
627917
93111
406681
572953
741561
138112
157823
127808
132533
118672
118969
118848
129425
119085
69836
940466
802444
89166
696247
149186
157876
156496
139102
86328
864701
480645
164904
130304
162160
129942
89153
755431
440808
450384
644639
648278
700512
93399
445573
665282
610311
702047
92310
576125
156655
69881
361640
849853
532257
552476
604882
627188
591004
91730
445297
712237
144143
157626
137676
119871
119960
120158
134271
119634
117758
120174
170472
123034
153950
160193
135114
132188
102499
804452
555599
606760
88418
447803
775982
575440
499059
571425
614493
605072
501734
707006
124258
85584
447837
715426
93116
403727
623825
93550
517334
88652
562574
607767
532972
569573
610862
640008
614879
532174
699719
501497
501442
543919
540256
666413
121414
87142
771624
114344
125364
130481
126733
120805
89112
710584
90767
627047
505474
612822
120442
124546
128758
125328
121195
125488
87778
660191
526893
502844
503247
596804
112910
154526
134141
118042
95103
640263
504441
498179
504254
498506
684891
86497
610290
90041
792431
90120
611846
90749
540050
533584
606736
533081
612092
566523
417639
566284
588563
809592
87813
758147
89998
666049
640116
547159
772474
79549
597745
673094
619006
542860
804329
93354
765490
94413
531431
601626
620250
705258
95897
827251
554809
500677
532031
762532
158290
77057
462920
499905
547545
620176
551280
821153
137462
133699
122007
126011
128651
90699
524880
436000
616780
544693
537124
503539
660526
114309
119478
120375
130287
116491
121512
121114
131676
118503
129496
98329
618932
578151
490837
531141
542416
378193
519280
570433
119926
126263
127370
121416
119636
128780
124980
160737
120906
160599
132025
125725
120916
88218
576092
536220
534817
510006
551799
578022
576845
487644
616756
594469
567402
577554
525277
761761
79389
525570
561908
1445615
277823
806182
940736
530864
749243
745832
688481
832584
491729
624463
87233
735411
150559
131900
126731
165132
129005
122798
126227
125475
125485
120919
128290
128180
88428
700703
510300
542514
541181
508440
599157
121642
126972
125932
119516
128438
129342
89643
771708
120329
129196
161833
125923
125174
129250
124924
154994
129719
138394
128186
119567
87975
502667
710921
81218
539609
724491
79952
648277
81424
772740
93942
988420
386936
496672
573932
533240
570916
399103
412605
574239
603475
535165
704446
130807
158139
127765
1458099
191567
165690
143651
186636
179785
159793
134221
135907
135357
147451
135428
174648
138654
168682
88154
966389
89415
656404
566646
1774990
138909
175668
161962
123963
177093
166179
126034
121508
130916
157420
110848
657828
640922
126437
155538
156518
125208
133872
118565
87326
684775
528411
587254
126375
122037
86283
730889
538227
580420
450098
529984
569880
534480
596581
92236
546296
95521
374379
496364
558284
448725
532895
518851
598138
504848
572833
636060
95745
546786
197931
156332
167211
93658
106187
149963
747094
806428
141063
185600
94979
342490
562250
543454
781428
103280
587161
142974
90187
504807
713373
94987
576719
175369
93622
477361
774265
97674
124740
126471
143182
128778
126096
127007
141009
166340
71609
733325
557562
676778
95161
790263
171409
149546
98580
984760
97637
776360
99191
883177
539835
691124
818816
757371
513434
669024
666779
395087
526063
498601
775601
151140
116035
118839
135544
84898
664850
95171
727514
745751
111038
126698
127490
90304
1048031
813749
772405
92525
168558
122087
117568
122212
130561
122359
115454
117873
129807
121151
118517
118704
133751
74795
737322
816799
128189
134701
173281
88666
1004140
496853
499007
504840
622647
568285
485267
489521
501501
553808
757352
917068
125704
802635
787316
892201
182963
169350
133157
717795
164468
171783
252894
574711
95202
96611
642606
139388
152053
87541
399177
116349
89689
334370
765362
136264
93209
368106
623909
508226
617218
189470
117206
171738
99146
985669
461229
92516
593722
102780
683357
745211
87474
367738
588524
662359
158114
84191
563527
742922
86666
991655
97005
595703
181724
225483
198984
181086
119602
992278
1055188
895076
779434
950993
611753
732750
901125
175407
100789
466335
543336
639014
757599
152705
125501
435862
889849
140008
94704
462585
528860
556441
531564
528591
527776
544395
801135
842304
1036320
143206
135298
576485
1131968
154728
130519
214878
137364
168837
127616
673319
91486
625208
162348
68321
987953
152011
852420
152792
117601
119195
157248
136506
120841
155799
124004
132498
118861
119467
122997
135207
120079
118770
88125
502238
491372
567198
544668
488698
493699
633732
538416
535162
486057
489517
492977
733659
112888
125732
125538
125433
118691
124579
127648
127640
119899
124399
126904
126251
118508
123402
127409
125828
125071
104072
527197
378745
495226
525068
450417
528602
490892
490956
589564
581827
526820
487813
493823
492443
1888326
747416
141378
167598
137766
120317
126296
93213
519394
368767
614832
78823
492807
495821
491494
491246
597509
773394
113197
126355
126328
127198
117133
126088
91002
586352
110452
121960
119070
162976
74880
579896
513421
496821
186909
132510
126511
138922
124912
126451
124611
136762
124651
125920
124204
137939
125357
70657
607077
523227
516630
515023
518289
493353
491660
351910
168498
320724
442541
190473
347397
476679
216535
111999
546920
246473
109928
495375
208933
108235
504381
208359
106904
459344
209942
106068
243564
104051
493893
247778
106447
519083
295941
156620
84370
398020
559506
481877
382899
383513
383675
423717
384433
385130
385585
503033
393251
424620
389020
529802
242321
109009
462707
253914
135866
484790
210651
144421
463821
226445
152552
583739
249775
139601
498876
208859
105520
681758
264030
140758
64046
364568
343213
155173
276273
337513
155189
275516
518149
375558
384305
380727
421876
385045
402040
616790
461112
425493
392906
479597
402602
397974
434408
451452
390133
388766
388794
429070
389786
385770
389151
385535
550308
491817
426971
466113
429231
474643
465692
425530
420335
432508
393411
385823
390970
401032
465881
422244
498119
391278
424055
388262
388951
387675
382359
316455
146485
519785
249824
105812
456956
212576
107207
472034
246341
109487
458015
246160
108788
458983
213022
108937
503077
212097
106563
457435
214771
140990
546876
244742
105094
461769
215719
107813
464231
211119
138006
500754
243275
139274
498586
297541
151546
616472
1351066
269288
165681
95567
413246
474789
225167
417061
185059
410563
272153
472503
251170
111201
472352
248904
103920
501703
247264
102720
456364
223384
105215
459087
208798
106006
531920
272589
102525
455985
245966
157288
622666
303891
149944
665542
303920
150603
81854
396701
563749
563102
594184
665722
272589
111193
489351
213535
106897
586700
442021
206551
106405
450634
212086
139483
73224
365288
214387
238268
436971
423391
389663
392549
490375
194862
373773
160823
340261
341031
162507
340805
341591
222815
482399
154353
281355
338871
161908
315317
336762
161292
310873
377054
235681
415124
474906
149383
368601
149955
135486
757831
513355
246090
139799
463694
257936
149954
514140
244619
102980
528822
244124
103869
531385
212935
105924
567110
240592
109904
569885
211566
106306
129780
118709
118045
120884
129593
492139
212210
107394
132666
86714
326937
111274
496869
210006
105848
519920
210806
107034
536658
211447
106762
499881
247688
110395
502516
278179
110014
504167
244435
104328
543411
209850
144651
786210
665625
309197
156397
73187
391714
548242
621678
245125
108619
453308
212391
105445
625705
300260
150112
439626
211386
106010
456432
245108
111659
463726
242648
108986
457307
245437
135992
462111
245712
104518
496871
275166
111220
86810
647723
467518
154804
282533
372443
163194
407349
165381
373500
150322
104062
522056
250312
104404
546109
250213
109700
469861
247457
105861
531884
250875
104702
548974
256772
119087
521435
252581
111490
532394
242694
113055
499325
211538
140352
494370
213934
142462
490901
277680
109536
455991
253385
149232
500884
210615
139112
171101
438076
385126
211999
316811
379921
161936
281550
376108
199201
313928
448689
192152
319717
411513
161156
280766
380087
195531
280680
339924
194163
316889
562459
562285
457731
388049
388660
392329
432558
426257
743275
543522
427903
429761
394062
424962
425198
466233
388954
428243
480933
555681
539882
473974
487949
410872
492807
422727
390297
386881
440459
492389
212091
114149
458933
256236
104306
499422
246312
103993
535516
278925
150790
466548
534963
654590
275468
451192
659769
538166
792696
147083
66510
340320
494117
484070
484205
628829
87128
755536
78950
431608
485419
485500
488928
483318
354210
158716
275769
353238
160691
322949
373033
159841
350674
373581
159823
283589
480102
230078
363514
333304
157243
277915
373695
189565
278603
334976
483643
275742
277159
336861
159890
273675
335264
160964
274673
334202
157113
275056
334928
158413
276415
336778
195122
278394
454508
196849
306216
519894
485798
491975
214240
110024
495466
249266
119691
469897
210911
106078
450492
212973
509127
209792
105576
454100
211356
105982
457855
207072
106279
509617
209815
107531
492459
208891
106163
450129
214049
105420
464758
246938
101995
549565
246189
101858
452557
279168
145605
493009
208075
104451
453553
206684
106109
456878
209079
139166
64211
323631
338444
208449
486042
231977
337725
333622
159212
272656
334615
191373
277198
334392
160395
273701
334875
169287
277496
387049
157533
273693
337926
196939
313366
332659
167266
473694
227687
309728
499104
233339
142185
102482
454488
346165
156783
291636
354516
164316
277819
339471
196365
278680
373034
197349
344919
379845
160323
336965
376194
157244
277677
537036
423087
426575
480994
434439
515964
159894
334574
195342
312508
335659
165992
280452
336211
195950
278913
516310
231509
440821
154940
477575
484892
554285
403427
520654
282256
334066
156986
604528
793659
799524
758221
365883
527452
477986
485442
480521
501082
483386
483265
418057
399923
454822
207155
111976
458817
278328
335692
163109
888201
242628
163630
503587
243477
139575
510354
207911
108090
449638
246604
101582
450078
350525
194216
276579
468379
282715
263002
113293
116204
129608
120500
484366
215975
1482465
188339
397049
221079
376416
474104
182020
323777
351263
166979
306248
353243
320067
499013
234973
399222
480184
188418
281808
377012
207155
280701
342424
184634
282898
438376
472687
416771
419967
428157
442424
423135
422819
389461
389504
390741
553618
164859
339162
200010
277445
343892
160326
317662
338117
160052
319543
373046
197540
279484
339905
157931
323439
385055
164938
82438
403844
397380
162332
312261
374503
162611
281874
381561
201598
280414
374951
160723
315147
372729
163377
277527
457306
185623
310134
373423
165374
291301
340764
167110
280620
342056
159004
280366
377989
191385
278699
376804
189801
434765
405060
430738
389493
389985
426536
562156
308472
95802
466383
210043
106591
460346
208745
139318
502219
243876
112256
466272
246678
111699
496584
209332
143634
503893
212604
106245
530603
218757
144392
459693
211148
108012
512587
281797
143091
490930
247410
106465
494581
248104
105225
613811
261252
113769
589520
215513
141070
500050
263922
152238
713800
582185
210482
107008
460022
249827
103326
554635
484643
211858
107243
496271
248824
576244
403651
393744
393544
424632
390581
438326
461653
475748
428189
424658
405934
441562
391101
466170
426579
390594
386698
391359
403536
501808
386769
385299
412449
228055
259260
337760
159712
275515
336798
160341
277512
335717
199699
296352
380902
159342
317173
338159
156059
315407
375903
161371
277594
340534
189316
290851
371007
162420
310919
378308
157116
275529
377457
824605
323066
352842
208819
286365
345563
193647
282991
380041
158008
282664
346774
161171
472647
228728
388481
473010
402416
388498
392962
388010
397091
481322
563134
495345
385809
423557
390183
423469
384613
419731
480016
160198
334716
158685
308757
338650
159566
307508
340275
159072
274221
334586
159497
278340
375119
158589
307964
336613
158204
291519
340149
157591
274808
379419
158202
274796
337735
159590
276636
337677
158956
309376
343572
156581
274723
432241
223471
186236
393838
424178
422380
391230
426641
493710
648064
249594
106911
561896
219310
107235
500174
263347
142987
501319
259320
149814
717064
696556
685628
420974
212819
107042
613294
441414
262145
226489
587439
293161
147721
671396
559805
254107
95980
502189
210483
141851
586838
243176
106448
566572
216580
105645
468815
278973
110920
88252
420254
144992
503285
245603
104834
562874
214964
114955
94146
610741
277081
277844
346999
160071
275390
376795
194611
279246
341043
160899
277350
337594
192744
278882
407352
232954
263245
374531
170517
369480
442567
233517
531179
235954
375226
462431
226041
320630
381421
198723
282276
339191
194042
283203
432138
159995
315920
339035
158648
282019
385144
193294
280951
414275
220510
319044
376044
191769
333564
440944
225387
344415
379253
191267
328621
389429
191432
315623
340384
229943
287907
391955
193047
311259
340048
188798
488816
232974
288626
338027
161009
311509
377024
160404
285828
573163
267925
401793
448298
191635
284282
339608
192671
278671
439576
198936
367739
457418
197542
353998
341912
192976
279071
375853
162886
278291
382843
251398
317633
373821
196703
283239
341461
161270
280734
337015
160065
279677
342793
197808
319519
341788
161551
281504
376354
226197
356297
370140
202165
364643
339446
161252
283855
377874
157936
455037
155744
143847
473463
281296
105518
462612
213932
105122
520221
213192
106689
461137
245112
142545
465334
246744
111236
494395
213104
107031
457886
214403
106961
454287
221955
107580
528366
240715
123442
90559
405721
388348
162134
322558
375316
159361
328805
436426
465920
511206
578214
185659
82455
419454
113613
463334
249007
112452
461463
219982
106675
458723
213947
109620
511294
334581
129174
738510
288190
95733
565788
214323
139989
461032
244460
141024
554231
481752
242969
139230
560318
245307
107405
464706
234517
140010
469134
210972
142124
541708
336835
135555
601706
216604
172109
504314
213399
139867
504770
211458
145865
99266
391015
342270
158279
279568
464979
402058
422977
389659
423745
383636
384050
388362
386344
600388
629485
600368
311635
134749
521570
212637
105489
454912
212756
106808
457220
212975
107111
491725
213890
107299
629495
228873
105896
613787
212910
104182
499195
271547
136718
88786
384820
111452
89609
458500
277679
335952
170790
253611
145827
657723
308093
155575
472894
208926
106379
467951
207963
106726
461847
247642
111253
467514
245985
110745
67921
403849
404149
157767
418391
636627
537821
553883
527697
460383
1452518
611508
632017
359351
152685
600501
284916
107585
547721
392629
175768
492130
212112
106479
589228
247502
105890
458373
271723
145289
563810
248055
103227
453010
246766
106192
605491
532010
210004
426703
418115
389881
381620
463192
582488
462525
386532
504225
159852
360075
203058
352308
335626
157863
274928
341567
169132
322629
568447
552737
417396
384787
390937
382139
569694
250203
436436
243236
354374
374865
158600
274235
373175
168177
366451
369931
159137
278860
370812
161534
318702
1680204
342973
119018
99218
406241
477092
504255
163083
345779
158369
275832
336434
157043
279421
526892
469782
519247
423580
387876
387557
423558
388106
389481
420848
463911
595395
554412
550685
515733
411624
429181
515560
195968
337215
160768
316032
412044
161492
402479
401650
190966
281424
378228
192373
312224
380449
198057
330933
465790
221196
280336
339838
160740
288790
373886
159268
314801
456038
431663
420930
389496
390238
543803
375789
422571
386392
389933
415082
387768
541098
517467
486316
438936
395065
558275
427275
393746
427753
428364
474948
428179
427122
508934
474903
521069
428341
506485
441950
388233
197544
229745
105084
108188
493895
209742
107017
458322
209180
140690
487269
211710
108404
454257
211982
103907
457337
211769
105125
533638
211577
106594
461094
247432
108031
534790
387333
100392
516488
273336
138183
465863
212878
106487
621164
495022
216330
109291
561616
450527
211884
106915
469554
255463
109733
500525
211909
140354
507363
245933
107920
468399
322693
123551
322743
462285
207681
282689
376904
162253
286134
414321
221999
310172
340934
198322
276183
338419
198411
278173
561468
559819
524614
473704
462276
478072
642821
199568
380119
160133
350329
347446
161238
277474
340103
220272
379784
341160
199896
414873
159124
274794
338147
190950
280123
370272
211726
462634
233025
468355
231074
562210
245019
447893
170669
455416
160796
321290
339727
159290
390701
352702
163654
276981
382072
160972
311232
339505
161850
311833
335344
156201
277240
337915
157117
316229
380417
193071
298169
547925
203460
637916
226441
107666
463449
247549
110734
456426
247238
104962
458474
254582
104334
457193
279930
110968
453495
246916
106316
531332
209371
105601
623479
411348
183238
89719
486753
444244
225969
284610
378348
160735
277056
337258
163814
317071
382087
159539
277760
339994
160749
373041
165222
276599
380389
157798
276121
374902
157206
354599
527947
214460
375070
511985
200594
313179
346606
233013
320696
420010
188964
278585
340469
160408
307529
350820
159108
323617
341332
160320
375379
167549
314872
413387
162613
294182
620143
474531
440334
423992
538026
199549
140560
492224
281590
109113
467276
280375
144653
87490
399368
488161
231700
338889
381240
158597
278365
474243
398556
484459
151656
75512
467587
163810
537539
208599
106759
454968
244363
110819
534100
241162
109659
462498
249454
102192
493979
231573
159955
591641
278032
113262
612945
237843
138467
462880
249463
164080
547991
280759
110455
547553
242463
159032
643502
449722
208600
106504
497387
206749
106399
456253
249538
103874
458196
209988
106286
456455
210249
142729
502322
209567
104003
483339
313020
145394
581286
210187
106287
453535
242979
113068
454764
208955
104085
450435
208445
106390
454786
235141
106715
453415
208260
105443
454722
207513
105816
494504
208555
105784
528180
241991
109519
617646
193899
129799
650445
565912
264626
142858
675961
555990
208505
106848
557204
442714
210540
106537
489538
211106
143575
694142
618028
209471
139691
507145
211107
107050
495417
241235
109306
453066
205915
111993
454178
211242
139752
459450
210167
140807
579787
302428
151209
608093
442572
208951
107170
90185
317608
335616
155955
277460
338373
155625
279103
715664
188585
279518
377358
158335
314922
345250
171408
391034
375096
159364
314568
349288
194974
279669
338942
158681
283945
371641
164147
281723
349385
160598
275972
387249
158105
277830
335827
193991
278614
336535
160658
275362
373303
199610
358134
377727
158649
314344
336727
157456
277951
338347
191923
276884
405398
195466
315268
1676876
645302
783371
100510
414017
544919
503669
588486
423885
488171
686532
90511
771432
91444
702289
842917
595799
483341
239108
459000
166197
353119
414852
158543
312218
376859
187460
312758
338645
194616
315115
334375
159203
316518
336494
157801
277422
336459
156842
302695
277768
373837
158683
310999
406633
161974
278834
335092
203085
370033
145055
459684
105538
106311
457033
207332
106133
508302
245876
102638
460162
214047
107125
493224
240851
109609
507283
245512
109989
492292
209125
106206
488724
207932
104752
518799
244340
110824
489795
244429
106689
454745
208504
110827
450658
209328
106677
457511
208960
107655
451926
207340
108192
450250
225778
148712
491151
210605
112246
493104
212320
105721
456102
212663
135319
64286
346683
336376
158338
309187
339934
156296
312169
510029
554119
542154
422972
418463
420182
416953
384031
381769
380799
388144
430625
368636
381788
421380
468839
490554
488994
194120
332168
157908
279208
343238
160065
310708
333518
159956
320742
137038
82608
333934
112940
491129
206836
106238
581486
520798
207313
105961
491955
207603
104638
550837
302581
156572
86292
381324
368993
158858
374928
396802
158603
277542
334179
198983
281678
330806
159433
342754
369420
162018
341779
406423
207919
328542
564664
643147
307097
146854
73706
335656
346129
158936
278366
338358
193002
276320
367995
161651
280102
404522
229645
417960
147309
107241
491293
308073
170225
609620
257837
106292
453534
210440
109270
496908
258848
155365
578198
211265
105675
461146
211319
104971
492709
246253
141835
464611
211377
106768
501023
211327
138452
64947
321096
388240
158732
348829
337238
160278
347197
375083
163219
282413
406581
197333
312435
414591
187463
284814
370656
159580
277529
337210
163610
648974
255631
103958
461203
245189
140232
530618
251679
141891
489692
246199
140833
461163
261051
200792
626642
269248
143088
666266
307268
156032
651359
267623
136670
614148
208496
139221
461745
212947
107580
88245
379188
381027
199662
317090
437049
404098
493160
509474
460978
431436
464160
526191
221178
139463
468200
256659
109126
683566
259535
103921
489208
246353
105999
639700
630885
215380
107922
256986
110018
494354
285579
122541
584569
215840
105432
130273
118142
120282
120082
129077
120884
456382
209167
107873
131925
490900
251019
107501
132691
464088
243252
142645
64304
333165
499064
142249
334333
335219
159162
276337
358029
232777
387496
514782
224086
404834
451902
207246
318882
342108
158111
322094
339419
159096
283163
359823
203390
447005
168430
280423
341364
155534
287886
342111
197755
313368
382310
195995
276495
370271
191118
315215
336758
159795
282729
334185
192194
276675
366503
212224
275318
352969
548220
319083
158072
409460
392043
446914
215834
87966
310431
334903
156917
311838
497115
230388
285310
558075
480184
249230
102359
527958
269981
149685
473811
241058
108727
492115
242195
110297
577307
527535
465326
242206
109547
490666
240794
108423
665684
342511
138541
553940
573743
282432
337334
159346
351175
165936
280209
514142
532378
498071
765774
156908
73122
393591
460716
491220
483387
734689
299469
104248
544008
462223
491390
433219
488567
484944
214839
111856
498821
248062
106704
462667
216139
141165
489139
249079
105354
535174
210087
105040
553024
280601
142862
576696
537865
594351
268495
111470
531753
563483
282327
367970
159556
527126
318125
467137
467679
528322
531592
512725
602738
524385
476491
384908
470802
489581
476405
157493
367051
162868
475006
232207
400634
458488
153549
354372
373783
156480
311171
446387
449442
631736
249999
448367
550153
507254
489662
565045
550653
269962
168905
1000740
650843
339780
139743
814813
338348
223246
1050598
862883
409352
198741
145033
554130
686853
277040
554714
663075
325924
563162
646462
286905
582027
920463
196275
762044
386342
586872
691876
313403
491479
636840
352624
576966
496539
157135
764562
605024
722492
705159
763681
701349
648514
1023660
368215
152246
182268
141072
597484
1192845
592549
592979
780446
716797
161672
121520
152577
802935
771593
141936
806261
706415
628095
141410
128191
124965
127294
125936
122460
170064
95685
716099
701336
139711
99020
565811
510302
760755
95535
1047852
145093
65114
550265
379681
606463
109618
120333
118950
135537
116863
122611
155623
87323
708054
199529
182305
231597
200698
89504
738114
155939
98709
997184
824488
611946
624730
744968
615302
689157
172222
92191
541746
841475
149013
160038
103562
790405
742820
769356
626792
146069
157338
164969
139198
120201
120813
120216
132135
117206
120028
117908
133263
120354
169949
123432
131456
125889
119771
120722
138204
192009
147657
91849
695404
106979
814286
677351
94283
802083
541733
665063
119477
128458
119447
124068
125874
125762
121198
127316
131398
125282
118916
124298
130954
125081
166686
125894
153420
155436
706910
891420
164641
154116
156664
113453
678813
506835
500316
514768
502279
498834
497761
501689
497335
532831
383035
500555
501459
500590
528137
753499
88414
595702
527037
496550
540809
546506
495781
496322
528063
495310
497754
501636
655550
544395
620115
745595
201607
171084
95610
520381
499122
499476
499107
502908
602475
90475
1003676
89405
718826
113252
120920
126492
128160
124080
119022
124011
129792
125745
117589
125447
127245
259438
92443
982356
176162
92623
578440
506098
503667
541883
539894
508167
508209
500486
502886
538204
537347
966508
206474
74184
794021
596930
498464
535257
523522
502638
497720
498525
497954
497476
496297
497925
498989
673976
89663
516357
600986
536706
508921
493637
496499
495002
497725
492947
523649
497449
612480
150907
122509
116979
129890
117087
117741
116824
132016
118513
119246
68458
986636
505991
506805
546541
507487
518447
504777
499222
508084
501905
502525
542478
502436
573196
613821
590660
539802
499636
732654
79751
529342
492144
540806
675346
79406
804992
90067
800655
167550
90773
505744
794029
88674
694553
93918
606750
126572
90972
442292
497779
501114
498154
496487
495365
504769
496008
548639
517478
701787
499538
497468
520090
499798
498469
497060
613624
170381
91086
618020
83710
576173
523906
528611
525948
522341
888505
81293
759587
89575
771056
100423
130348
124615
154552
147573
136962
161526
123973
125375
164869
126891
119464
126170
127208
161085
122331
124779
130097
123695
86007
509454
530887
540418
499605
540437
655651
507891
498873
499839
728385
120258
120534
125606
126381
123781
123895
125000
129242
124334
120147
124498
129798
125529
127214
124149
127104
124405
120561
161366
130588
123779
120748
123714
128992
123067
120604
124139
127225
127131
120055
123041
130045
126167
118116
125690
129115
124106
120742
127242
126396
122001
240318
122341
783176
560289
501224
640810
88657
756654
79017
600474
89546
369933
687647
683431
611513
598176
777382
665724
706477
1007429
103070
433747
539464
495709
500869
509081
497502
575443
537790
505566
498768
600252
525145
498116
493474
491962
490805
491022
490250
625282
155742
92622
550681
113386
117355
128735
162051
122493
124919
126759
122535
121207
122111
128507
160603
123343
122466
129345
124810
119311
125203
126570
134993
97918
668687
583264
364686
534032
567114
740508
156829
73628
595035
79165
711910
79112
724605
79289
584346
488687
492088
489979
783499
146869
134647
128417
158073
130261
129471
125575
121756
127639
128812
127001
118821
121409
128967
126297
674017
707792
161782
84505
278853
189759
477495
234981
472251
147620
279535
406417
161734
277347
373603
191534
361788
457342
221352
367515
559181
518081
433597
542525
419770
393367
488839
157529
338624
158810
327190
341844
158851
308909
339571
157449
276620
337293
157777
278192
497263
232792
364982
419532
162325
351495
412968
193602
278999
374078
156729
314378
422051
191350
277655
377708
189118
278240
414934
159936
277365
381762
450364
1950673
723910
462853
259056
107284
478779
214848
108261
514757
212725
471696
470640
434087
427835
401527
441385
656953
300851
136026
603710
450079
258434
109218
504182
210674
108890
523695
249295
105197
502918
256217
143260
494887
212273
108371
502417
212784
108772
519434
326323
155786
73170
446674
496645
205800
358720
385196
203640
282666
373922
198780
313268
341691
160618
369574
166359
285620
341358
159204
309530
339341
160927
321056
338756
159873
310683
340156
160632
277857
336928
279198
369178
434273
203788
375310
386239
161265
318509
383883
154895
458618
157178
445664
155645
169758
584481
211711
107771
473288
211724
107884
504213
212697
108815
498456
211490
106381
628589
288358
141481
535721
212705
104335
464151
213131
105516
456659
214749
482514
246355
105864
553114
478100
213561
135386
456634
208607
105681
460541
244518
102391
538442
206844
106178
557131
266535
107608
524692
354707
134489
535615
212236
105342
459777
214357
104677
491437
247816
105468
455375
243722
109270
266471
159559
436780
211794
106615
455861
250287
102119
456433
250731
103371
849543
530875
320813
136021
468046
213148
113154
535202
314308
150509
72667
333083
372183
187542
294504
277992
337422
158550
275059
336484
155587
279296
340391
156386
558182
413714
588729
509558
436327
433965
398860
453361
519334
392676
498389
427805
394326
439257
463172
429645
395555
394016
425085
504365
485921
392891
496492
491657
517168
430022
429338
420178
438924
388531
393744
428583
402628
388527
427559
465411
469682
417494
583244
469671
434825
496655
575732
304791
128540
88512
387058
451797
190524
282822
338056
156438
277419
344205
190791
278962
338218
222569
283996
338555
156925
275985
397476
313365
359798
500271
214654
505660
213863
320512
336768
160480
277518
344859
160587
276735
335650
156341
295697
392146
146894
279397
374624
160744
314044
375359
160689
318922
337503
197702
388644
381277
162662
278454
340129
156605
285950
435345
430950
426187
399828
457177
385204
391267
385570
422430
385061
389705
382006
414573
386379
487768
512626
163072
332665
158895
276694
339252
158066
274832
349734
220220
279868
338716
195073
293606
375717
158232
313278
334812
156990
321764
478100
224453
418698
161653
459094
226521
303795
377829
159055
278771
375502
181230
283729
377148
195275
279644
342770
192604
281649
339024
157868
279046
342912
157833
283134
338252
154680
280018
352212
161699
280887
339142
158530
441072
179894
300781
417029
158274
317683
379598
195349
317125
342731
193329
287124
342756
194169
314416
383046
191461
283281
442180
200149
308684
379750
162830
381427
517422
436354
667262
506730
498301
717363
315330
157893
656389
308830
159043
541136
211045
107733
533430
243921
112236
458861
439023
465666
465522
460085
567225
162116
428575
432671
389477
473366
488526
220304
521483
435612
460383
515696
422371
434214
517855
166347
524344
427378
495520
658610
529831
467223
394281
426557
428717
461185
388072
389522
389617
392508
387395
399673
555740
489918
509044
468743
582636
397251
428661
389627
387801
458102
484105
162256
334728
160498
347480
343461
161899
322018
342737
161066
284619
336458
162100
277562
335015
160085
414225
158765
311805
533302
431567
515110
478778
556565
159411
368644
161817
276848
337763
191838
278918
372892
189478
277370
338382
189323
274412
517902
397122
419152
388650
457246
566655
393761
495843
485805
1431932
364752
444569
199863
363843
335575
159155
278367
336171
160037
338952
398664
158800
312998
339307
158771
387909
495702
559973
194255
336782
161703
280649
342223
162619
372633
207718
312495
339156
160871
280687
377542
162658
277949
356458
158766
280089
407631
198447
280128
338628
206419
370648
167567
343070
417709
157292
276848
341109
156299
280273
340355
191973
282579
338607
157919
278404
346797
201705
324411
341326
155822
284551
338528
194979
281134
392372
213213
373616
341539
164019
353658
570069
198839
350754
595409
432922
352567
341076
106283
142165
462428
209540
107106
466351
210300
106409
457201
249396
102464
464006
211333
103955
456420
209038
104203
673380
255811
104865
603608
535708
245604
134062
546149
210041
107565
459380
211284
106806
458075
250052
104556
404014
164843
281112
338276
162075
279959
336534
193407
275435
336875
158799
454738
486416
214062
392705
484514
233978
345919
338627
162718
279202
562905
432760
392226
389902
493048
498929
455499
426072
442617
227888
450941
244188
384271
544978
564162
552486
527198
593084
241533
139334
541061
307195
150719
81894
391734
490253
224898
471311
199918
313135
336979
195350
276642
570797
506610
508473
488769
387508
388942
386370
423301
384974
389300
387290
389704
384735
390456
1372680
835161
735891
481625
478417
442855
397241
399115
390373
217426
278006
343539
193139
283186
343603
159508
279613
340900
161967
280159
340668
197413
279136
345744
157121
314015
516644
220575
413876
539803
192414
350598
391262
157769
277948
374452
156553
275796
335269
157913
276350
336823
158749
380065
199703
280541
338871
160985
380792
163448
280381
408241
175239
472282
153550
148358
94732
372809
427084
155908
323190
378678
160611
281307
342061
239068
326123
344336
191701
320661
378954
159715
278731
377755
195252
278929
341588
156966
319132
370495
157612
281503
430196
231357
328683
339996
190610
325101
372468
159492
280677
337445
195960
277759
338005
158708
309950
339305
159446
311508
376742
158189
312850
338938
160139
312590
339425
160849
277722
373879
206527
429378
340156
197991
474192
161496
280830
339592
193669
278120
377297
215136
317333
412450
194885
276835
339754
158531
278979
340280
157242
434165
227044
484549
237678
434886
198427
373088
454894
208599
356657
421701
160583
319014
339572
158921
314996
364958
159932
279476
342286
196191
278241
340505
160434
280251
376437
194664
282613
373042
193461
277404
406458
163846
279969
506795
211391
431539
595720
445251
428777
425055
386806
494372
393753
470580
386345
241456
113890
491494
214044
106824
490877
211601
197017
593086
282183
127113
499067
211236
106529
459333
209525
108432
671411
506756
211942
106409
507768
213133
107293
459274
210469
106410
454991
210130
106809
497149
242308
141057
508691
576047
445350
459915
427299
1886840
719223
977148
471355
540149
605726
491072
724542
148478
127240
104468
478819
165270
90478
271951
744804
89665
764123
158040
83486
430580
79689
753173
143077
65501
603910
157974
74727
595040
158513
74920
393836
494945
780017
145991
132706
164941
132001
123459
166303
133219
126298
160854
123572
126129
128069
123858
154317
129832
126093
123320
120281
126674
126396
124123
120966
125708
152989
124965
122805
161669
72562
812550
83670
817181
84433
839983
94036
865119
735886
625766
96764
126690
182838
127766
159724
131838
152583
74285
669508
488373
524394
484684
580113
110959
130223
117316
117810
120912
129389
115788
117078
117719
131309
169433
74807
763486
88898
594763
657912
588066
503806
503446
497281
480994
536489
544681
560201
641919
420744
505368
504560
504817
506380
664923
503093
503820
504230
514056
501370
499434
539760
516224
675008
90002
762507
87446
748165
657603
568579
992428
94856
600471
132121
215186
112985
513065
186461
155015
142098
139001
130388
154876
94773
858100
93002
797365
98836
773688
181211
148954
124991
133155
118678
120492
171130
84413
709276
161050
86140
1055418
653615
370014
503489
490267
487560
516383
530314
524766
490434
574203
532281
485364
627634
109402
153254
137167
119960
118215
118982
131913
117105
117717
118991
131493
162719
155269
121557
134830
148871
65830
804634
476257
485594
489492
507053
487419
518810
528374
557832
424614
539275
168515
102586
738009
167446
100004
1079309
88388
878269
102262
1192056
80623
770784
80025
577953
146738
130857
126691
119274
125722
129050
124404
120599
125314
125190
125525
134068
124935
800561
88923
724329
500566
506465
497116
498408
497857
546215
751097
156523
135442
130761
128888
123048
119326
125706
126999
125114
129513
99864
934385
91999
886052
791983
632814
80465
559860
89143
656208
711937
496743
494603
496963
496983
688344
89580
996456
90988
787617
628809
146537
136108
118164
117754
121909
129244
117868
118622
119055
132305
118452
116036
119881
131047
118694
152854
123859
130967
118283
88165
657635
527739
1600781
352270
209915
209819
169840
126328
777266
432627
542250
506009
511075
543571
490323
492574
490865
489924
491053
559006
531891
529204
864118
88931
421772
503453
514894
415568
491671
504007
488534
547059
487322
539662
492504
490578
490519
579677
493661
739618
84325
541276
518971
515620
514751
552644
515510
516659
514325
782504
161977
99938
336415
228804
439717
638606
512681
579193
158445
335441
157105
277299
331609
231584
263647
339583
158015
419451
162144
278925
335768
159399
277536
419202
156596
276034
336636
160163
275227
336001
190880
367126
604045
281823
566038
275671
447947
530896
718860
299430
134647
90291
365071
181301
104316
314735
330687
178161
727424
654126
256535
114435
504883
479955
98162
522974
550516
533214
531724
543111
535988
307216
368199
166391
372183
174985
318852
367051
172256
306502
368976
172709
299051
540323
172358
442501
598413
415562
431032
429216
427036
424903
424703
431873
429524
431392
426071
430899
425601
434036
422405
426392
430112
656606
236441
125516
546889
216273
121111
520966
235249
118136
574971
263789
118514
505003
236623
117036
632634
211497
118232
495039
235685
119970
656030
505972
342231
107702
111135
601581
182758
129118
498134
86648
283656
376745
176986
329625
380127
176562
346993
376077
176559
305699
378729
172525
303016
371332
212008
305427
372233
178526
305716
559914
160759
307666
502248
548465
703818
251167
117542
501268
234541
116850
511340
233936
114008
504361
233826
117559
504338
569792
422990
425549
425681
431160
430334
420740
420781
427425
419357
637337
481317
134369
96917
382202
609916
231892
334804
560349
536489
543304
536606
442340
496211
745625
651882
498916
596034
520479
507698
362247
377603
176306
535325
464064
443185
445013
591261
530533
317344
378105
174773
376588
182546
488645
261517
386562
377807
176964
306832
373951
284554
563124
784685
217359
944536
96107
680019
122729
92527
688766
603297
790089
1006595
1011036
236857
501168
523727
679272
907526
205064
187703
166387
105361
1030572
391064
618716
531142
488003
717827
134206
134187
119383
119100
117539
130339
121544
118994
116874
91210
749444
111053
117736
130569
118466
117855
116981
132666
117825
88846
660136
566294
468000
409433
397797
587422
468286
578215
519253
357996
341918
162456
477151
217186
321784
556504
725490
158623
84183
592585
168338
86604
785918
160724
85167
853682
415110
485752
483513
486327
494964
483998
486020
485093
720568
78481
626935
527179
553088
518320
485602
488365
483109
493857
695028
304323
197728
611587
753051
158605
77054
592810
80172
512782
547495
548916
496158
490451
513861
531439
693674
82832
491801
530150
489174
530831
489657
588905
490131
488941
527112
287146
342526
225523
326829
339943
162576
324422
376051
160376
281857
371499
195277
387252
146579
105014
459632
247778
129968
141140
413114
90048
482660
167970
152781
719659
499971
216370
108224
535552
270303
137110
93912
389305
86684
372272
166713
280893
342886
160584
279028
338746
161375
318057
342818
164254
311227
346633
193694
278320
343847
163958
313193
376202
209439
280441
488758
234302
393009
345185
199914
277313
374881
199631
626495
241265
488376
213459
311597
351431
196623
333144
401225
226068
325612
344383
162371
282813
342443
187504
312372
452279
232811
348165
343948
162059
350514
341176
159027
315014
385377
199314
315895
408534
160265
315482
417568
237092
375328
345318
160053
278157
339887
161916
370947
167592
387213
166224
279445
341677
160928
317435
412444
162281
282215
343056
196899
278185
339253
162059
318791
382778
158151
314557
411140
161325
281227
340875
161121
384805
165557
280540
431867
519428
228453
364009
196743
312613
375607
161866
281341
373802
193904
278628
637910
483885
461657
513252
554052
397747
433846
567831
478649
399160
420147
390743
427546
453034
557610
554170
431113
424484
389496
422595
389216
420090
388402
422261
466520
392772
457825
513666
384838
517661
248589
105619
458733
265738
142005
521633
286087
104529
596212
656152
476926
251141
139792
497764
248691
140158
469825
214203
107040
586313
277721
143397
490684
219318
142787
501978
211855
139999
496621
209985
105938
456988
249940
137422
494582
286313
158402
624884
480832
1307216
346168
427210
535905
226622
327133
428688
186302
291672
352897
165089
291432
512483
194163
282110
340263
195335
390892
163332
312153
344536
155766
278488
335366
157153
273870
373988
158848
274955
336613
159085
309136
374574
160896
277806
408272
161317
276643
336262
158844
275893
334120
160157
275068
338622
199842
278358
376836
159269
275501
410111
159623
275924
338679
215346
394710
441997
201953
344759
336677
160404
279107
338138
192186
310946
340023
191846
330885
374771
159092
284020
342721
158846
283469
341920
196253
324839
412878
198910
314553
378809
197124
320877
348317
163073
277968
341193
161190
276834
502483
397634
425736
459388
425988
389501
458376
493963
463661
459587
389072
396541
392572
423386
493176
578773
305825
157202
653723
216982
113462
492796
215614
135783
464246
210060
147446
464651
281033
142028
532797
212295
106322
568585
246276
106178
461700
249156
105968
514036
215679
140307
502072
247790
106175
89141
336396
90424
368787
149841
106287
529980
214852
105856
502826
246771
104051
538598
219543
106348
499752
245567
148051
76242
313848
375599
196490
311697
408662
164519
371988
148340
104354
503010
274397
103843
467667
548494
448871
428011
509419
161599
336470
195348
306033
338007
160014
311264
377250
160298
322134
2021942
683739
329433
124691
526714
217089
109176
472410
257754
110262
537173
233508
107019
533210
212696
106767
460773
209126
105582
495137
209156
105484
456874
212053
106333
456484
246958
102044
539727
265012
157721
656161
191163
105620
458959
242046
149439
477176
212485
101912
452250
209495
107031
492997
209217
138863
446081
228676
259204
336214
196608
277313
334456
155395
276504
336103
155523
278098
340021
195614
311853
331545
198088
276743
341009
231166
314276
338566
159603
318266
372206
192439
317618
338574
159601
276557
338422
200891
311223
521176
454886
342338
140054
110898
460094
208220
104825
492458
208694
106304
495899
228350
110814
523628
260485
113524
454196
247259
102550
543502
310354
154934
82247
397836
496979
232203
311764
337907
200099
278262
338830
192075
386438
166764
278694
336339
161604
276332
241779
207243
395677
383532
425142
383563
389067
389747
424703
383142
386592
383918
390863
428657
383269
418581
489710
421448
425487
378213
416591
382651
386614
380114
420451
517002
308073
157326
461107
248489
144239
503426
210292
147708
506369
205762
106616
464991
207435
104330
465488
207374
106072
500454
208550
104456
510913
214851
106300
494067
241927
110650
453232
211329
105415
451916
245758
148297
454086
208109
107601
542984
210388
106503
455770
206663
140420
724125
694375
462438
221416
155416
496903
207266
138316
504321
256062
165051
520903
220190
130274
528295
243811
102676
452119
209128
105009
454697
210145
101901
451600
246326
105315
493064
510564
204318
402855
401848
157052
316392
374554
155964
277913
338409
156458
374815
162065
376775
147590
101927
477461
253619
147310
507604
252710
106608
126704
385516
406709
160736
276741
338755
159020
276062
376900
159695
275558
336337
158658
313708
582088
532190
427898
419586
424527
379779
384366
383244
387720
422112
385496
382155
516719
157916
345848
194536
277471
337022
159032
317940
335644
156847
273317
388884
157920
311581
339064
158313
307763
351620
497420
481597
160556
426221
396179
378437
388538
419193
384021
383852
387112
433673
395797
417144
390978
449266
522858
198413
331169
157758
273794
334014
156026
277836
334284
157729
274267
333799
450432
405223
165228
275312
333233
158333
275382
337385
188195
280650
335395
194757
278407
337969
191744
276277
336995
165269
273533
377602
158486
286061
343024
158896
275704
335430
157860
272569
338963
158037
319580
372839
160447
272801
335596
160810
550411
307207
163219
651723
309187
157311
508191
241282
108971
454635
245892
109171
490755
240933
108894
455481
208207
106241
541872
243345
113123
456137
294402
86288
524891
210035
102530
456797
244531
110107
450168
210961
106272
454979
468889
208049
140962
493499
249852
154931
732723
598187
207302
141170
497205
209049
107913
450703
207006
108610
653192
519607
260098
104093
552768
213687
105646
451639
214998
106483
449710
212401
107110
450643
211647
106481
643576
201781
113579
548961
207324
106713
528897
208743
106484
453844
207598
140160
492780
211420
106038
454862
246442
105441
461826
208082
109439
487081
214932
141926
538108
284524
110994
451401
247733
104958
450176
264032
106148
495131
246794
105406
485187
209564
106297
454993
209992
141006
488442
209574
137236
460030
209533
140911
496789
209457
104406
453967
210490
107566
453883
216453
138678
491055
251191
103438
501127
208315
106612
488729
214692
105535
447811
210011
138844
67613
366288
374253
196580
275676
378373
161284
280608
340016
157715
318692
338217
159412
280672
341245
161213
318531
379268
158798
280573
340086
157731
282015
348139
189399
295474
340372
170872
285688
602204
192263
381655
503205
150379
315361
378556
160891
314127
372682
160760
364244
376237
163365
280412
336802
160613
345373
343826
197157
309524
338732
160895
407391
163931
279830
374468
160924
312034
378344
162170
278905
339148
157607
288546
547025
513710
426926
386650
383805
386882
389657
586587
685162
559283
212006
106013
504287
251120
104296
464068
213158
141460
498912
212204
140603
511584
251049
106445
496786
248633
106323
520406
247165
105875
455655
213532
107527
461071
214446
107837
494532
222637
106073
460921
553715
557046
645668
302955
158179
83035
401965
505331
146449
277505
337903
158156
278450
408951
159722
275752
464601
144435
280050
435055
626446
306254
150654
83422
397532
481483
219574
309948
338721
194087
282748
347340
157854
282187
335992
158087
315167
376240
197053
274963
431645
397567
385911
427460
389946
420148
432549
384670
426220
388712
513077
307381
155731
81430
366661
341518
158856
316900
336056
155300
277593
372541
161718
511823
225098
317927
373668
197942
314793
370992
203584
314369
341511
159533
288583
373015
160196
316833
337099
161055
278725
340113
161226
277151
339540
197539
310928
373411
196516
278423
341744
159731
278670
375344
195770
315528
409885
170973
345057
338896
193949
274983
370912
156272
280492
375736
222454
404688
164631
314222
405627
163798
277694
373310
160287
352159
341822
159728
310227
563599
645817
214706
105480
457421
208776
107110
494311
212105
107308
486961
211008
108673
721466
707552
511665
212082
141455
500597
213018
141388
464880
209655
140441
500155
210208
140162
559614
540666
483097
211206
142257
81399
353132
342582
160025
276068
336311
158321
277224
335228
161877
277631
341908
172368
294752
375925
158303
275927
339816
192807
280293
337248
158106
276591
336932
192885
278917
338046
161342
274679
338942
157848
275949
370380
233701
413163
216999
538786
196345
345636
345837
198285
349664
344900
195281
353055
338461
161066
345350
573302
448393
386482
394275
430198
472002
497581
429786
429704
572705
239449
108201
590273
571041
613744
440750
210717
107239
454731
213269
106277
454030
212566
106912
455480
210318
108520
484510
209844
137520
505043
213738
107823
463506
252968
141399
469617
210614
142044
499547
209226
107690
498083
213391
102705
497546
294601
160265
616035
283879
161949
721687
512411
215107
106285
460341
213934
107717
499595
208382
106810
121076
316429
145555
588470
533755
254739
106371
456103
249128
136161
64103
350896
339062
191065
309672
373429
167544
276197
338220
193938
284510
377301
159223
313994
372542
156826
315147
447345
467581
390533
387743
388767
386452
221202
395271
389986
392879
389987
391228
426479
702403
318292
168260
670213
257452
108398
458752
210660
105593
460079
248856
142184
84988
379672
112243
499182
245841
108376
528065
210592
106221
497626
242971
114244
574205
312072
157486
486727
215038
108294
475337
249626
103931
536392
248898
105291
462722
208928
107402
459364
207344
116145
465428
209962
108302
542695
212037
155687
143871
451641
382428
196320
319537
338151
201033
347999
337576
162419
279060
460919
239858
397820
396977
157493
283230
339242
161307
316298
337765
160574
280684
372766
161204
279268
338151
162083
291919
454436
162795
281867
446385
162496
281565
474678
233796
432998
171740
307107
355317
229247
335555
502795
198386
512750
229037
403457
161384
278053
375643
160471
279723
377349
192170
277428
371437
161011
280038
340190
191539
324059
413396
184251
316347
511924
596433
271187
111569
492174
247030
104844
88647
335063
110269
460748
216291
107287
88449
426237
481609
227724
404860
466751
191378
315628
468933
400761
408621
393715
430302
427161
513661
548999
424214
432934
443429
510042
380794
392339
420263
542681
490828
601565
251948
129272
460087
213908
144129
493220
208660
136565
65617
327582
335718
192460
276725
335215
157561
273892
335919
163067
312355
366745
161454
273643
336942
191925
409229
150665
156035
495224
209485
104550
454940
209145
106457
451981
246707
102004
458293
519560
211297
135885
492962
210385
135571
459267
209829
107377
476748
220211
113752
491007
208485
106090
450680
223959
158128
543867
244170
110094
585800
543579
437545
209803
105657
455431
209928
101920
474351
211246
108364
459609
209279
102384
481120
228320
143082
453121
215256
141800
452281
213332
108009
488818
216969
104495
456556
207621
108174
486107
254120
140839
492270
210729
106640
461550
212901
106445
512309
211365
109512
455656
206518
108517
551668
295123
157119
537447
207614
106256
676591
302776
155847
605191
263126
135861
464543
214048
106196
501835
214859
105755
495928
215033
107157
571855
261475
138406
515365
308980
136304
503322
210448
107688
457903
210359
108959
458010
211992
107851
459300
213687
137076
627413
564943
215947
105883
461461
208135
108291
458585
258649
112022
490321
227418
112436
505617
215925
141116
501529
286541
111790
459120
208675
106250
568352
215382
107250
457447
219815
106707
459015
252954
106256
496977
253585
106185
461397
229728
108913
537998
241423
111553
464454
245272
110459
469664
215495
105885
467533
212333
105515
512602
215260
105786
459978
213651
106843
497916
210328
106263
502289
213033
106749
454696
213348
115706
465194
210837
145552
540157
246538
136476
500141
300970
107201
499214
212517
104280
459023
250068
105162
457568
213767
103427
498300
213513
156643
459872
212367
106408
458095
213697
103850
532310
214417
106799
591819
308575
155687
649442
474741
212798
105656
539798
242780
110227
623332
597787
301046
95606
460897
212449
106067
492530
210640
139036
494801
269380
151162
85704
373218
321911
464384
188329
280615
374297
199979
277640
512043
560300
502533
430267
384032
428058
389379
390765
597956
446676
423273
460141
387829
390868
495274
423659
387803
430279
455960
393417
426426
385231
428954
570541
492804
385708
393571
384893
386414
388346
385923
385062
191189
278724
410181
192597
316616
379289
156936
317666
342667
205501
430772
161338
349825
378069
161088
353134
375314
162528
315426
342185
169406
347887
341903
157573
282715
387240
200278
285486
374907
194989
286825
505608
564025
159694
337378
221446
310080
380224
197544
279310
342371
158036
295462
432381
169653
295506
353141
158272
277672
467361
428150
422455
393214
391507
393774
388450
483698
195734
337503
158542
344281
344163
159649
312748
504353
524320
391810
463378
387370
428873
421284
428409
461746
424090
429513
529443
411548
391024
654950
217725
140308
497587
244319
109246
532341
282992
141226
458332
212407
142441
463836
516884
195130
315638
377326
158953
277990
339674
199009
318800
346173
158611
278682
341906
195698
280393
408229
191220
277890
343533
201233
281779
438257
239984
368065
404542
192859
282129
341727
194093
315256
374220
191842
286947
557878
329923
153841
631327
451278
212668
107500
603862
502983
225948
113417
475360
212564
137624
470088
214374
106621
471592
210879
108968
474481
330676
136357
551170
220055
104725
458601
211369
136584
65181
389750
397673
195958
277720
368982
158558
276117
338748
196168
274945
336141
156792
274756
333762
157886
277350
339764
157197
273474
342942
160949
286671
563104
521679
2676673
220579
514388
435085
478353
620495
284144
137979
572457
211038
108104
471147
250295
103947
503385
211116
107615
513518
243739
111276
465053
256366
153444
647866
217157
107888
467458
213486
108067
491645
215560
106207
502312
212117
106740
592248
443684
336567
112049
457616
208331
106750
455541
213691
107570
454138
227556
140163
575575
213406
145327
490849
215255
139821
495429
207241
114471
461725
279220
147310
145981
552395
478390
192942
345080
339605
162521
309851
509416
178424
383370
701012
479441
479740
397636
1359079
211165
777461
1323101
372428
655705
319838
596031
540154
247853
443512
472970
228579
476335
456582
227524
399113
383930
235195
535948
268904
303615
353244
200509
325193
358997
159075
277598
480344
506184
470762
461003
701410
273284
141639
467807
207749
107145
495423
246093
103176
610452
289322
163435
619957
210551
107304
530948
247009
107212
501596
245138
246215
119723
411523
161274
92374
505811
286710
350388
201065
281467
345218
167853
403654
470760
523424
387071
387736
387291
386986
388578
389258
416438
394667
456972
568129
568476
511212
427258
391822
386575
392144
424212
534808
429884
424802
519707
464313
431027
423179
389943
417064
543081
539501
426485
490177
393114
388214
430411
426020
435547
385166
386936
388652
387965
388343
433210
395747
386979
573395
283542
176021
466160
212006
141010
464051
209539
108913
461504
210794
149441
458761
483378
386485
427087
426375
391213
386362
425118
443894
437173
587966
163346
350300
188386
281406
435916
398225
549587
568123
275287
105425
507146
242961
113214
498891
240934
113121
498832
211925
137575
74179
399809
454463
171011
299681
497213
180656
325880
347395
195616
375614
149029
104285
511088
208004
107742
473428
248220
110214
546585
221550
142695
469004
216115
107620
459647
211401
108247
461504
212181
141045
470226
247874
106883
732109
571946
290975
143561
463482
210686
107282
494346
284224
142992
584890
272310
138294
540075
213282
106480
497753
208391
106856
496981
243965
140798
498623
206566
107278
502659
314390
112410
594326
278396
143486
468692
211157
131919
500395
212141
138113
537679
211326
110727
466730
243697
110850
503239
213234
141416
501172
221343
141101
497550
249177
108974
454660
277276
124366
575226
259567
139849
455767
258353
109158
491085
251474
138474
537118
211688
140622
441333
509853
516143
197444
317175
341553
154234
281027
346330
189906
319628
376998
214311
464876
213832
433021
198801
349161
563767
160771
587836
203168
375952
521973
440753
437831
430491
430468
407843
388710
392673
396354
427321
457513
509411
510990
394511
388539
392656
509427
233028
102908
469612
249862
117985
480900
291278
84416
496743
245890
102990
493252
246741
137098
499225
211171
105931
723960
570578
305270
147352
565148
247706
141411
505235
247414
139512
502201
211374
110222
506151
215384
120124
85256
354853
353453
169176
281319
378709
251148
402880
507573
233435
357918
505381
400165
386471
403361
294112
337085
141401
105804
456893
211508
108100
457848
214487
103801
534934
245105
108720
495503
213661
131557
670867
698129
677795
543140
239643
141255
493389
212081
108463
456961
213553
143808
500627
209615
107590
461815
246965
103751
455968
249369
103375
460554
209065
138971
507751
214254
105945
463131
302464
139550
682170
457102
219621
105742
460412
218422
108891
496339
213683
116742
100978
401609
512853
203603
315026
379621
161009
283348
339169
207420
320736
359876
199708
523006
425097
195736
366959
1522950
236472
182279
608437
286001
137322
521115
287753
117817
91803
338664
85888
279886
409803
209249
350889
348985
193846
317986
485632
177251
281138
403535
556530
196643
321936
339914
161196
404629
444340
164259
315482
339061
160707
281301
341947
157817
278316
356215
220961
283692
337932
155811
318460
503229
164194
648370
548836
519611
507429
427043
457185
510737
213273
111214
595223
137559
116986
117510
493218
211328
142788
179442
121330
459251
208806
106316
137313
615300
262448
139484
214867
185902
94830
973713
534336
637575
848874
125926
120363
114653
120315
132072
118600
155862
65200
934126
81305
711630
124450
120080
118104
118710
131298
118660
118020
154128
133889
156562
122021
117842
130796
118508
189583
158478
132907
123447
118072
116851
131479
119229
120450
125299
102259
787715
90342
489369
888891
93955
131494
118166
137457
160347
129420
118278
118667
120502
130942
120254
120636
119520
131204
117711
119309
120419
129136
119295
119759
116750
131000
119069
118720
119977
130322
119887
119493
141035
156194
72766
471477
159728
668027
486826
248611
104902
568105
244250
111373
139302
161809
128408
125602
136439
549304
305376
142760
545985
307359
153868
675516
257644
110100
528141
243437
138954
503055
255455
138033
96350
394259
373536
183650
470131
167387
278529
340785
161319
278418
405529
198335
276194
372423
157945
309389
371141
160610
309969
430880
160918
347084
377063
159501
476037
211022
312397
376162
195697
342736
407769
199266
346038
414394
199891
380259
402705
243768
374827
497230
437487
388794
428258
431919
388338
424062
621995
194884
428756
439023
544799
264157
129175
494343
207389
138597
459503
211205
142790
490493
210634
139310
457196
208299
106217
456779
251207
106869
467529
257496
141042
459802
242532
104036
454964
248983
139198
459730
211678
105236
461309
245409
105688
552595
211978
157842
549087
210667
111225
574325
278606
124806
696222
465369
210192
142713
582460
445995
242763
151542
651799
306027
159060
459547
206718
106667
550751
443663
211912
139152
563377
606716
212768
108020
531206
243487
106252
608442
419648
249093
102525
455191
246988
104296
494143
210292
106365
454605
249614
106874
666113
702338
483809
205749
106096
455309
206251
113483
489789
208229
104387
494998
209778
104809
505393
480388
247416
105941
89976
420604
390228
158083
151117
71201
408950
383088
159939
278444
477213
145589
369055
259833
86925
340376
86664
483453
210301
309750
374229
160091
311675
341036
219539
284209
320936
383306
192892
434784
161937
153556
549759
246002
110218
584163
563336
478196
271045
135198
460643
251334
104977
522881
211973
104157
582650
277940
111892
613190
261115
103223
452029
212448
106428
596445
635712
299175
123148
496266
218544
141462
454082
218472
138972
492056
252259
107085
455438
221100
148548
497732
211269
149889
458178
208599
107545
246709
104323
495107
241028
110271
456532
232343
106652
502172
207507
106830
502873
238509
110440
462244
212822
142451
459894
211365
106409
582301
542113
209766
105440
466889
211359
142946
574895
302424
156303
517788
212413
106178
528320
211954
105839
563984
214418
106605
493652
417725
567947
160642
338262
158723
307676
411939
190246
278840
433431
395582
399189
455653
390687
394293
456795
420959
424280
504964
549995
552353
637889
304622
177627
722463
99710
326485
339681
157504
318526
342512
159360
279883
340222
161372
315212
410928
160302
283042
378112
168980
275118
349075
158792
278507
372147
163746
278663
381241
161937
363880
371829
159577
278543
369139
157498
281363
372563
199047
404730
165934
495003
225642
287502
1400978
337469
439751
477122
227476
542843
237631
379970
352008
165976
297604
370274
209819
314921
440801
212839
313866
380332
162773
277070
337152
158121
281146
340542
160372
396766
481458
141849
318579
431115
427035
397392
510461
160018
490004
217125
114164
547860
209924
113550
463346
207965
107024
463485
208783
104886
460134
209359
107085
529890
301859
211938
594318
240365
105715
461348
516810
552469
567080
515890
214296
88225
285189
434326
430252
465523
385210
387280
393414
387084
389123
512955
435866
528146
470643
463065
429708
458500
285421
337754
162043
276604
430885
184949
346621
373588
198587
279325
375794
225204
385763
601673
446825
472873
536206
206840
338078
159464
486077
357060
166285
315882
449844
196525
315355
473649
355133
159455
422670
198025
348446
167552
315194
342314
160520
390557
470643
165138
319277
339796
159408
347401
483440
398360
421932
385333
395159
385115
385759
426900
389214
420571
396266
387324
419726
421343
603858
316818
130936
632611
265176
105352
532479
1848385
350403
155135
707857
279929
120108
75569
405415
350738
198974
325394
456815
409305
598037
423352
431884
389304
385407
425950
382862
296558
335478
102957
139699
462892
206879
106726
452786
211970
106226
469557
214056
136917
496159
206790
106843
490049
221700
187982
719126
226182
137274
585832
279439
141329
526241
282699
143093
460345
213061
107031
496559
210909
142874
460611
343675
1478852
333537
203892
703797
344138
144865
704008
218741
109845
574970
258015
109937
88387
521347
376047
448375
192795
282270
336915
192669
281284
378144
156882
278843
336146
188801
278123
407144
159119
278613
592459
511708
522122
392376
526740
163743
336629
164043
281766
379646
156078
310552
341419
159183
314239
389559
203088
280485
343115
160470
311445
341749
199650
313718
336172
199363
341096
339590
159829
434789
508461
426299
395307
391452
425137
393824
485573
195907
422482
228728
356944
471231
402044
393243
406115
391096
544053
238067
105811
453708
213705
142374
458406
214010
141075
462345
211265
142713
97647
383720
340781
171000
278869
338747
194174
280192
337511
161759
282373
337967
160044
277099
338114
193356
314829
375670
244285
333882
407231
161166
373112
427330
155403
284577
451216
207119
356710
346429
162055
277834
347115
160259
280988
393807
199456
280092
480570
493086
391064
389410
434950
584890
555260
420725
483197
295183
105133
454968
239340
113801
750450
570802
210823
106927
563956
543291
213017
142180
498681
289711
121158
492213
305306
94081
508192
293192
138524
460912
212259
114503
460693
212546
108845
491019
301389
156056
601758
244778
111804
588957
574223
449318
242201
109908
641659
532979
348329
578316
247831
107385
480634
210887
138864
658903
243776
142888
456714
252104
142366
490949
210599
107034
453994
209090
104348
455495
256135
125836
537573
262967
214063
534617
290069
159985
114106
397429
468637
197412
313631
375627
158728
316818
339309
162769
367267
340708
180764
361094
426849
192132
279486
340910
158332
277847
468394
565950
247942
436857
198932
318306
433924
464674
427590
388873
385422
425438
389578
514046
160664
335940
158312
314534
339590
234936
314014
415651
211349
316379
372636
224231
401099
446919
229122
346882
377057
158667
278905
376707
161682
279104
336814
157509
281285
342564
166845
278917
340142
191511
280469
400496
199861
317182
338347
161201
277287
338343
161518
318115
499018
194903
338901
391450
220323
322316
341025
218742
321061
374677
187982
280010
434771
397053
435984
566762
553029
514779
389432
384689
421046
531960
430556
460342
385344
419781
839255
452156
422262
436914
385468
387991
383371
391673
419004
422518
428149
391699
390789
766575
291336
147296
582732
212561
105092
132195
118977
118548
119273
132057
120319
116701
117912
132379
117317
117393
554677
213936
136079
136256
118758
118667
120126
133308
116949
117885
117735
130762
118852
129353
88579
283287
375148
197725
280543
337793
198744
346404
506091
207087
497128
171436
330253
386033
193339
277436
405484
187763
351623
450248
194841
315616
409559
194038
313657
376717
197137
278035
598543
422946
425604
595501
283573
138049
586514
216766
103788
466063
212628
108338
470505
219582
106252
497509
249693
104248
527452
243640
145031
461007
244022
110337
458171
252432
139499
485468
207437
107672
495926
209281
169062
107298
359859
335252
158341
311828
334000
158376
276991
373114
157343
274158
337490
158063
276932
379359
158049
273298
340129
158241
276354
336320
158531
307265
338219
157431
354799
371566
159487
341841
588299
528609
454245
394593
442463
427095
428531
426307
382337
385121
383732
397447
388898
423930
387147
388546
496058
562265
524964
430400
435520
399495
399757
460834
478618
429676
423298
512586
162481
660507
302218
157110
563098
213580
108039
568567
623637
252993
149093
462227
212603
138030
651984
271017
136247
533876
279473
110985
670995
210869
105644
492368
247055
136189
457066
207552
140689
496660
208214
484550
445413
576465
257237
103054
490452
211251
103755
459125
251509
102441
454679
209711
140082
457116
250380
104034
454533
246234
101968
628683
507536
255418
107407
89604
417504
275392
338423
194670
402976
409184
191252
1378920
603232
578138
554554
438510
470156
402769
394194
410273
438827
383906
506872
210415
107582
664607
304025
135620
592771
283104
107065
497214
212390
106462
457330
501513
162435
316283
348843
159043
277051
336915
156482
311340
341243
159488
278436
374227
194413
314019
410271
211081
444386
406788
191980
291352
338984
163254
314408
339266
159833
314974
397603
162493
444893
157090
371195
162053
276091
400516
145355
278382
338187
237083
404318
475558
390300
482028
447363
527066
429150
429048
440606
425162
426149
431359
394377
385125
423467
425039
390676
392561
470974
429672
192359
228333
144165
104224
536561
248406
140803
497313
283061
104303
520203
209261
106057
460462
212622
102202
464726
209758
111232
644493
247573
150285
757584
573683
274728
107132
95944
337093
113221
489323
284355
163228
627260
300361
504276
577009
246663
107941
490187
244625
144655
459933
245289
141517
536017
209914
105467
456001
212418
145815
616541
243721
103114
606863
609643
225007
107493
457503
212650
105888
491848
255158
104604
473361
211856
104644
320695
551488
490423
194552
345545
389983
186834
357464
417454
193392
282931
380150
189281
381926
150847
104050
89170
358593
404054
202576
339173
711415
507524
422340
391580
388120
422509
388077
421815
378958
210579
316891
371455
160619
343108
496003
225990
376458
438526
198475
340560
339133
162044
352932
359469
188614
415104
168861
311331
424219
229636
401658
440832
186404
278939
337221
157220
351553
376953
197301
285065
587557
158191
287101
490311
186790
280116
338908
197577
315467
407335
158784
278482
341612
159571
314695
404199
206277
352854
463963
203978
309758
372023
196580
275018
337797
194020
336118
440123
231471
407199
350383
603198
428814
460303
642681
304384
121975
596931
302866
150144
547547
215407
102614
454887
211002
105809
454027
257311
104310
464992
290398
161539
577696
210490
106179
455416
210136
135431
536732
208270
103455
454455
209387
105386
509750
540558
234311
366376
190616
278860
334618
159821
273992
417075
157585
316417
335265
225883
356609
568451
627891
305921
132321
641824
211340
103711
494655
207315
104603
454530
256991
102643
498988
238423
150493
465954
234366
103977
453281
209489
106593
455599
206876
106998
607877
282293
103342
611703
493598
246819
139609
501130
217798
107442
534947
206773
106539
459503
1350132
102167
97614
480024
327626
331643
158789
276372
421380
678908
568104
473521
421914
422428
428632
422233
391764
419272
424774
480353
482085
433399
458237
810819
240719
144400
658663
259036
143643
499916
214385
139367
489565
542823
508687
500521
553079
553561
545230
304478
149587
728436
595735
244284
107141
88670
373208
183782
518239
210748
104204
575739
556894
240311
110664
458109
247936
103292
456639
207078
757397
598274
276927
156839
624693
211132
103796
463925
311380
104044
664885
290719
152340
625912
280934
107027
483614
215971
107044
462848
244896
104240
630207
279767
137702
566432
208303
107247
460981
210004
138035
83512
313518
111852
503839
245629
104990
763900
555289
306329
152023
502327
213275
106148
456522
249928
117798
86232
334982
112735
501069
207531
144543
73510
393925
482613
191978
324328
376663
160839
312454
370525
157357
426280
188550
355046
210841
180447
391808
425748
429987
432052
433969
471295
429409
422128
533762
496982
385347
418056
454772
490468
542892
500913
473118
390092
428626
385214
391994
430498
446292
383419
386563
430439
423836
385785
384533
560046
1349723
554682
526881
589485
494534
484202
399375
398183
399642
409686
508198
161448
287530
377368
207283
376757
377152
197202
277038
373008
154419
283683
481289
193353
312963
335945
158449
274565
350581
168943
313864
369644
193644
275464
486969
191516
276931
333798
157567
272726
336400
158162
309521
334801
157719
276958
337093
177060
277437
337205
267947
399881
498122
165737
357593
372525
225084
366626
405421
157795
311767
385132
161352
286280
374311
200261
276432
410960
218665
402767
416040
228997
351209
447273
224876
436280
178853
83805
267867
142076
84403
484843
113427
355105
163399
230258
112783
443965
351333
268090
152584
238724
113028
236054
110718
240009
113201
273767
218282
169329
177575
84562
169391
253742
238534
248174
265013
247899
174543
73973
159826
72585
165566
82674
190532
328616
176852
84490
174694
181113
185661
178511
180978
256516
209331
125208
128358
128536
127414
154617
203611
164702
127770
264001
161983
74177
162320
179270
267141
167050
74426
165131
262322
159094
74226
162431
252617
102349
127634
130364
125270
129163
126245
127497
129066
128229
125647
128529
129132
128180
129644
128255
128352
89996
172470
216303
109861
154323
88002
110482
101811
169378
129390
273261
182132
323594
197965
183030
75290
154847
75345
162795
72512
161652
74129
154007
76136
162904
73971
154136
221146
123224
129012
124848
130104
127251
126405
129181
127070
124059
126612
126497
149572
126616
127415
127258
128747
126532
129900
129619
127930
