189207374
90839158
89219807
90093031
192142087
88266282
188947598
190000981
190906183
89432434
90873714
89892991
189179701
90117410
189291542
190250390
192926205
87200697
89849393
90829753
189150221
190070324
190151585
89972768
90596446
89240375
192190778
89116097
188792260
190474525
190735031
88573589
90691390
189489955
189597754
89977974
90284123
190079724
189545066
89944136
90377844
90066593
189858378
189577536
190401099
90058948
189765365
90416100
89742128
90103523
190461958
89228270
189738410
190129430
190115197
90682373
89537741
89721063
190120356
189872262
89083497
190980507
90029000
89650646
190155480
190110285
90793151
89468591
89853397
189939138
190454174
89874544
90298456
189301495
189836858
89039494
190430204
89693999
191532448
89662674
88794673
88669196
191809046
190912553
192574033
87559191
88455071
190607537
90191912
90742471
189938357
189340579
189698617
86372396
191197023
89990133
192782877
89703472
90259211
89581610
