307552494
2238813900
2241298962
2238617311
2239960932
2238877420
2240977172
2239907350
2253155085
2237284032
2240154173
2239528718
2239682678
2240282798
2240203596
2241092441
2245748070
2242293131
2240911374
2239207156
2239710335
2240182857
2240017778
2239711278
2249677337
2239788326
2241301129
2238958746
2242821823
2236381424
2241538307
2239086169
2241059260
2238738396
2241424694
2234925325
2243898989
2239605676
2240819322
2241417328
2238048898
2240187896
2249242227
2239829880
2239933193
2240448690
2239610962
2230153856
2240776965
2239577505
2239497335
558843269
561181984
560523779
558802783
560462878
560444633
559933581
559199470
559884644
560750558
559399430
280076773
560606273
559258067
837675106
565366058
836767772
560336061
560233690
559966788
839711390
560299141
279204900
280052933
557321878
562765911
562957475
557240268
560693604
559636503
559525202
559570100
560104391
560364812
559255173
561214039
561759843
557032309
557852379
562997804
559420920
561627369
559378622
559246961
559693577
559880644
560083407
561805303
558284436
