37405215
4006413
11784123
1608194
9500772
3209364
16640951
1652635
13260099
11478338
12700901
1954753
10911861
12434375
11824121
1918750
9834740
3480802
9314353
1930571
11827313
11430303
12449427
1703618
8974655
2863288
11870723
1925797
1706845
10890928
3042725
1482430
1609252
5814445
5994611
1940459
3758438
7504389
7295622
1506470
5389828
5531036
7837036
1975279
3932388
9792115
5529022
1861774
3898800
6838975
5733129
1626516
3254895
13382512
10075234
1945459
1653619
1862419
9926352
1829905
11765377
4156632
10471298
1661493
14190472
3081957
10261669
1776411
14672025
14842042
11546209
1528491
10150676
3823716
11450190
1777151
14454610
12809291
1664799
1911279
12953056
14957161
13645416
1455982
10603220
3525191
7446404
1929577
5318797
1855307
3781963
1897586
3830581
2955685
2971901
1636687
3055734
5685964
7466880
1880995
