38858316
5889298
1866217
1757256
1772925
1725000
1921063
1625774
2040659
1257271
1365347
1685652
1410117
1709389
1720777
1605271
1571409
2013922
1513245
1996784
1697850
1492721
1488267
1647959
1643352
1431029
1490073
1684686
1687894
1775948
1937165
1479469
1491155
1332829
1631695
1659707
1552610
1868780
1325396
1236968
1469644
1821371
1676809
1754011
1567904
1777568
1442302
1412209
1336678
1688441
1950450
1371578
1735285
1396018
1398159
1273387
1678623
1471674
1409941
1401416
2179382
1600085
1534977
1553384
1506277
1453979
1791270
1601476
1305793
1716163
1598827
1607869
1686627
1519781
1662860
1366876
2130623
1419859
1587586
1371652
1668390
1839976
1522127
1627237
1539932
1744886
1342528
1541396
1980675
1581953
1432451
1376783
1596992
1779778
1567344
1582483
1915941
1266424
1659895
1336702
