40248455
1682576
1479660
5927045
2018326
1521873
1652950
1388376
1605659
1542370
1537628
1545395
1346906
1513753
1620584
1653718
1727583
1640079
1398731
1399501
1418561
1532932
1871781
1279018
1909344
1587869
1369580
1330368
1594239
1820450
1550222
1469015
1333363
1514252
1486600
1323238
1563189
1169718
1713238
1383135
1490327
1180769
1870252
1343920
1740554
1434090
1338203
1552158
1585411
1330721
1468924
1296389
1452488
1486222
1432045
1420813
1486041
1747677
1364523
1302280
1575511
1504631
1609160
1594124
1525193
1530899
1336351
1317722
1551409
1395224
1752824
1398058
1300100
1442795
1204862
1262758
1420127
2973312
1378724
1266952
1674777
1352973
1694441
1235645
1181168
1213170
1461084
1327333
1538503
1421359
1722073
1521732
1734107
1549162
1189174
1360636
1585052
1541573
1477004
1334298
