189039026
189922951
188651344
89613903
190637207
89552583
190696821
89607209
90086287
88226208
192876726
187840058
190577274
90893248
89261608
89526273
191036984
87419544
192118470
190549234
189466823
90106771
90435295
89585072
190619236
187894142
89495999
192333615
189921176
90351950
88992498
190252037
192742381
87491558
90146915
90789887
189414080
89252005
190307802
189442135
190669861
89508391
189944311
89840698
90686201
89707206
189311209
190869132
189909472
90073501
89268449
190638606
190495899
89101090
90376152
190330649
189941487
89536471
89969362
89848121
192455406
87983690
189573858
191417349
88493610
90238600
190564926
189560154
89888647
89931365
89593333
190618199
191632581
88052045
90557576
191906732
87438253
87328535
191627615
191209798
190626305
88617315
90106826
91041884
189607718
89827895
191409459
88645149
189667591
190524473
90233040
89106417
190813282
189874296
90074943
88803872
190412984
189938203
191731536
191462523
