39108374
5902839
1440580
1840899
1656413
1490047
1997009
1799291
1498113
1597441
1669401
1814072
1794692
1723152
1471500
1732700
1483586
1531491
1811112
1934181
1601015
1713802
1528202
1794760
1678393
1512203
1410314
1580567
1838710
1668635
1372529
1618294
1354707
1785231
1363234
1764650
1399288
1616178
1536367
1360935
1802715
1763527
1545730
1560842
1693764
1681080
1424604
1939464
1282087
1259524
1492253
1538238
2112045
1447627
1396194
1216978
1424234
1607510
1653246
1441138
2009309
1481890
1449000
1570625
1676125
1341856
1606520
1655525
1558878
1620256
1555697
1605987
1628942
1537027
1926016
1362566
1644761
1343103
1894717
1877129
1890386
1434757
1689011
1417440
1757587
1279987
1610819
1345400
1670314
1609793
1925965
1487459
1449564
1461166
1739499
1566669
1571753
1448503
1584286
2027063
