37412722
5916867
1702039
1774807
2678430
1708990
1629692
1573469
1533602
1516322
1523521
1481644
1696886
1711454
1724172
1754374
2308857
1474873
2045894
1678468
1909535
1573476
1925209
2308386
2015561
1868205
2030358
1682522
1692077
1803500
1442716
1779885
1435009
1568394
1351482
1427916
1658264
1397885
1427803
1674450
1342655
1530346
1318703
1785471
1600888
1478314
1676799
1831546
2199666
1613396
1615730
1499165
1403560
1288312
1505763
1298113
1580926
1636279
1617730
1611062
1882725
1488217
1736382
1666526
1514506
1993375
2221812
1516578
1712121
1899107
1533170
1935197
2038813
1887888
1988420
1643853
1774070
1603855
1575748
1556662
1717803
1599594
1594003
1563038
1609744
1697329
1667444
1529166
1919477
1502884
1486111
1640784
1633149
1465826
1603474
1575424
1577208
1488869
1528702
1426501
