40924237
1738123
1704654
2284881
5156260
1343590
1683304
1691720
7274086
2051082
1913506
1877281
5541583
2183424
1840982
2132261
5358179
2201107
1801308
1827425
4958230
2228364
1732841
2163671
5765923
2128693
1735196
1954532
5398604
1902609
1969462
2142620
5758022
2196621
1994377
1651513
5015222
1980741
1444636
1995806
4749216
1585228
1873230
1980163
5684527
2143481
1757065
1910450
5956801
1938402
1905796
2054793
5455449
2008902
1866649
1978202
5718742
2133169
1602743
1994368
5677504
1815894
1499046
2137460
5087557
2092813
1780071
2217528
4924515
2147448
1855054
2010809
5098459
1776597
1683631
1943066
4770602
1709132
1622447
2030772
5749789
1843323
1921894
1984427
4671738
1927478
2043446
1818429
5948990
1905683
1894803
1934610
5315673
1751494
1621502
1855787
5749809
2158610
1724737
1721370
