37426200
6029580
1764795
1493417
1924055
1466540
1478098
1576999
1879794
1393659
1453998
1289399
1641835
1638957
1599770
1680857
1978164
2196922
1588467
1991033
1740253
1605282
1582206
1997453
2128517
1910713
2047579
1864453
1522230
1679820
1734277
1700311
1819037
1688775
1509624
1444377
1342614
1248086
1496168
1487772
1585173
1403827
1510793
1709076
1319270
1563801
1567278
1633995
1980091
1572376
1553341
3149840
1545576
1588787
1595548
1813713
1686779
1481784
1596130
1574505
1648413
1805557
1749211
1467370
1634454
1778823
2002702
1599386
2112843
1806867
1581721
1950094
2125334
1744678
2300394
1523150
1737190
1601992
1502661
1550880
1663698
1709649
1571098
1432279
1541796
1716937
1578935
1781379
1560933
1620816
1527386
1584137
1805082
1547977
1528607
1622839
1409135
1408462
1494281
1556695
