37318687
1611362
1696598
2256331
1466069
1630260
1555280
1525646
1547646
1514562
1571189
1711382
1571570
1500052
1439996
1590826
1547532
1518748
1407631
1755070
1643912
1472441
1623964
1572638
1519675
1530935
1397426
1414817
1908464
1388708
1617755
1663573
1555309
1578877
1374063
1722158
1615828
1551398
1354373
1363040
1585775
1651625
1488067
1295619
1505711
1621606
1507180
1566073
1482557
1588044
1771796
1419894
1513940
1505358
1352800
1223836
1336093
1279704
1265670
1258942
1482176
1481128
1580232
1553863
1259862
1470988
1431848
1446579
1502151
1499055
1448546
1134728
1458392
1561668
1498055
1537862
1505647
1351304
1355918
1609721
1433877
1634592
1555070
1217801
1261378
1477203
1419214
1626359
1298202
1254205
1482634
1705837
1560224
1387389
1558124
1462863
1564570
1453078
1407584
1536539
