135738033
191123786
91787447
86992778
88627824
190226046
90303222
189690540
189757843
191642413
91926470
93058236
86831956
194753088
89132270
191697466
191060322
189789342
89589685
89928027
89536044
192549779
87435685
191329324
189424785
190461132
89084368
91481928
87760851
190781308
191079645
89266636
89551025
190057337
190247508
192727091
85860893
90014146
90936401
190074311
189201473
190731539
90958237
89607576
89880450
189068068
189792892
189662306
91209193
90125677
88973740
189785274
190835666
189101997
90213731
190186989
90194750
89108642
191582592
88230927
192291806
87722633
189707187
190193733
189948220
91220294
89718449
188729138
191564490
89355384
189979654
89708809
189988672
90098600
89849839
190710164
189946223
89604567
192656329
87303649
189688635
91839687
88510080
89397311
189539808
190671825
190094210
90402670
90755520
88851723
188126899
90991114
190565190
190162188
191069316
89235761
92452210
87478308
189368925
189800776
