135267998
91063418
191585519
188297217
89207959
88913758
190526649
189249940
90187250
89430374
193366285
193808361
90558671
90352918
192670677
188520786
91774433
90282466
88476087
189740844
189991227
189472403
90712698
91226488
88397643
190104491
189574960
190047962
90629494
90687712
88951474
190665872
188993957
190717594
90905322
88405819
85948667
188313071
192403641
193230783
90321404
91204898
88708601
190591724
191535117
188358030
89615032
90267926
89200466
190233850
189469170
189969306
91494953
91035388
90761321
193090456
90631220
193150585
90242924
89206407
190065375
89575050
189931927
190377356
90241279
90418738
190139877
188536176
90593971
90928460
88599499
190567441
190262542
90351409
189073472
190370890
90840030
88782780
190756726
90457587
88945468
192231532
189428375
190955203
87242001
89562096
90313421
189842910
190321595
189795833
90129281
87300122
192754860
190033356
90381315
89739852
89440528
192335027
190426729
190172414
