866116708
1120501055
1117689219
1122400500
1119172238
1120545242
1121244473
1118305287
1120294254
1120495501
1119528000
1119429770
1119666507
1120159937
1121561327
1131884788
1116815506
1121272675
1118264688
1120659147
1119715102
1119427791
1120358428
1119460911
1120840789
1118883712
1119964025
1119851725
1120763266
1119765427
1119637722
1120371729
1130064031
1119911686
1119458768
1117686229
1122445231
1119692356
1120167397
1120243413
1119611004
1120595623
1119209769
1119864763
1123063593
1117080581
1119594712
1127935930
1122093018
1120207268
1120315284
1119109922
1118704219
1121054672
1120262970
1119820240
1119509083
1120398556
1120787924
1119212131
1119755195
1119909905
1120807464
1119375444
1119409402
1120932982
1119233117
1119894339
1120059220
1119690353
1120658608
1120293170
1119611523
1118613037
1119327341
1121883112
1120809264
1119057446
1119490504
1120438437
1119499190
1119404332
1121742878
1128349313
1120388915
1120768657
1119534973
1120371680
1118488863
1120492807
1120232901
1120263547
1117732127
1118070324
1113835917
1119737275
1120162929
1119672215
1119882255
1120335496
