301940004
149637815
89296588
89362380
241089298
149692152
89537198
89415463
175773755
149801082
90041104
89922065
90123863
149639962
145824063
149830052
90152846
146326612
90677693
146222288
86148231
145707916
88749129
89492467
99880442
85569773
145113882
88564558
151666476
149186901
90649076
145924947
88270688
146884249
148735845
89117421
90807434
88397596
86043750
90320070
210406052
149031731
146255237
87757790
86305322
90169560
145039591
149081220
120585194
148605711
87015750
88833767
144607149
146478580
146254977
149506295
88780220
144875739
89618024
148208057
216913468
145021308
89886295
147667093
147885442
87944130
86956137
149374115
116614588
149862598
148849754
145103174
94410818
149728933
89472594
145643865
90166112
88484809
145987490
87286164
122590199
90546185
149758530
149930918
89583325
87936265
90126109
86869192
90667168
149704189
89676806
146074343
89320274
90344715
145115002
88796066
125722084
147468910
87931846
89014747
