151684937
1332075
1383584
2151850
1369418
1409998
1690304
1481580
1935640
1395881
1589424
1728317
1691410
1501426
1273193
1446560
1600135
1717899
1688932
1454601
1517838
1261761
1566133
1625339
1534318
1531724
1585976
1595426
1736962
1500410
1720431
1639710
1406288
1575272
1880427
1348232
1671279
1726156
1469419
3745806
1513543
1564951
1510642
1813533
1446957
1859834
1380063
1923121
1482474
1587823
1430167
1653698
1824358
1408368
1651600
1653876
1628349
1668966
1686698
1748797
1514291
1941935
1507577
1555694
1398807
1759671
1469321
1387287
1240760
1594989
1521889
1511933
1590109
1547699
1619224
1922796
1377935
1583037
1589239
1631992
1527164
1562306
1580845
1993110
1430805
1628344
1447328
1544642
1588539
1542209
1753772
1518897
1581256
1672685
1809499
1665019
1614781
1614545
1561595
1631802
