37599686
2329727
1378483
5186714
1925935
2098407
1528124
1547187
1644965
1498599
1550104
1548111
1528286
1611422
1461709
1601629
1926783
1564788
1523406
1753415
1408920
1879663
1294616
1519017
1704649
1545242
1242515
1481541
2177045
1431571
1501107
1458485
1405923
1577340
1465385
1505886
1474449
1567993
1619476
1353368
1515158
1323397
1752638
1555825
1618361
1779920
1380555
1324446
1276351
1690255
1810766
1684595
1243730
1523838
1441696
1571113
1355506
1462027
1621775
1566603
2033169
1588125
1370423
1358361
1605368
1449204
1484846
1544937
1217428
1627486
1597440
1594515
1275463
1285182
1214343
1392635
1347664
1472681
1604718
1683747
1697529
1504314
1341046
1243078
1451013
1749880
1369029
1462007
1386437
1804213
1553361
1326515
1200739
1415254
1452300
1722170
1306671
1526606
1761934
1356863
