34237824
1682215
1601088
1521195
19310781
1713391
1866515
1740901
15565237
2070287
1661792
1753843
20977896
1885653
1921492
2017000
13170036
2004664
1892334
2176757
19961425
1670411
1572415
1550226
13437211
2035097
1757517
1952280
21275616
1900300
1911253
2203894
12623369
1937951
1316742
1996040
20897669
1899303
1425883
1881254
11730237
2186891
1676884
1963863
20313403
1925645
1954831
2025698
12617063
1577561
1960714
1971737
17593289
1737920
1603545
1966027
12276423
1660634
1886723
1996154
4823046
1798810
1614872
1906945
11985352
1754898
1511730
1650876
4604687
1912660
1426989
1908865
11256392
1679478
1436455
1719998
4826081
2034893
1515235
1850320
12283373
1509689
1823929
1810790
4838775
1554317
1943045
1796593
13448355
2046231
1547497
1678330
5351957
1935655
1886629
2064614
9536399
1941121
1788083
1938241
