38835959
5892778
1794696
1473457
1703943
1666576
2300547
1583247
1655800
1402646
1634515
1650303
1810679
1524663
2001915
1633780
1751072
1418919
1393084
1891990
1531614
2139051
1694447
1237390
1576273
1400452
1561494
1619547
1691002
1711107
2027790
1442673
1907047
1342986
1448908
1760580
1584517
1568580
1359473
1252697
1566578
1871521
1711012
1453997
1996509
1574622
1444305
1476075
1506210
1536311
1472399
1499704
1774292
1242139
1317083
1449516
1799946
1710571
1417104
1392714
1736646
1727117
1401772
2029759
1431805
1400569
1486398
1658646
1871371
1682893
1324102
1605459
1729310
1518686
1295862
1635744
1797366
1549866
1634457
1989949
1630078
1837900
1269177
1441936
1504259
1507612
1520903
1618248
1918719
1497242
1467267
1673832
1634740
1442254
1571546
1465549
1654442
1677254
1670213
1873157
