37549735
2243944
1371739
1578705
12509386
1581128
1617712
1756572
22993682
1708910
1975073
2046197
12857415
2003179
1866327
2143909
21040646
2030662
1934394
2070662
12299161
1721173
1862586
1509432
20603517
1948647
1974743
1957061
13425293
1825334
1934122
2112080
20165945
1913531
1760041
2196586
12995613
2154228
1696825
1648073
19186160
2152895
1762432
1999404
12484910
2033001
1770120
2122893
20085988
1999779
1875031
2031863
8687704
1595829
1511026
1665565
3452074
1938997
1936951
1619584
4982018
1908463
1797458
1767051
11970914
1889454
1580262
1612060
5822747
1681602
1535111
1374199
11402526
1528085
1917733
1862996
4599532
1476542
1492269
1589950
11504236
1981064
1883473
1955822
5333926
1675840
1456159
1705954
11924732
1864744
1739038
1996275
5767169
1821473
1925737
2008893
12538441
1973126
1839876
1983296
