37599452
2142487
1336988
5298524
3521823
1716404
1452208
1403847
1445018
1348088
1251392
1323047
1550037
1430253
1569853
1635875
1816376
1499792
1601135
1609601
1902209
1534562
1297108
1437469
1579458
1613200
1587987
1516112
1670626
1424975
1718976
1490465
1980148
1640827
1215353
1282378
1486109
1761389
1418358
1833597
1363090
1508522
1258095
1515675
1790254
1344000
1383422
1283209
1703715
1850429
1679191
1353384
1372101
1379369
1403275
1584028
1793314
1264120
1592804
1606639
1609108
1357560
1455474
1420439
1352871
1593426
1796950
1541562
1668851
1335108
1539060
1552409
1297426
1446032
1265237
1356780
1318319
1319008
1497379
1554056
1365087
1207003
1396904
1257845
1385755
1540878
1449330
1507260
1224689
1412962
1675635
1354042
1336132
1495527
1693669
1404184
1136872
1346699
1570548
1445068
