393828986
90892594
90078016
87048152
89698395
90483517
91377483
88368963
270002436
89574691
89146464
90778263
88764602
87028713
88387675
89865405
179029851
86995943
89896773
89509054
90321913
90716551
89863811
89381905
180233809
144735379
86845847
90551696
217452317
90975705
88777985
90589036
269186008
89872682
90024880
89610480
181289862
89861761
90087642
88990415
90813650
89967863
89520809
90630404
88707695
145090370
87525152
90650372
127494647
149557508
89834902
90132037
210753814
90629251
88503164
90007735
178890976
86323958
90397747
90991331
118413470
90985714
89146959
147787197
298466075
146622200
147060086
89761415
154827027
90560347
89627118
88526267
272559950
88913038
89257507
90033385
179384502
85850954
90661971
90902677
88734512
89374969
90060201
90249276
269677172
90127286
90385863
86647676
179987887
89629578
88742724
148676268
121108047
88743988
85836504
90847343
89472005
90199684
90159594
89713107
