210353054
91003943
146678987
147677433
95528389
89923879
90086947
149724144
175486120
149104063
145711520
89915209
90970518
148641749
148884794
90623196
95412735
149208764
90398507
149419387
145362624
147371622
148500231
148911939
175081233
148518562
147595137
148548573
119501057
90922978
149569194
90315991
141280030
89620292
149243781
89374126
144710946
90429684
149630905
89893685
147056329
147298209
146230488
146629807
87997295
90358760
89321496
148926445
121046340
144765232
147220929
149506485
88953697
146823520
147445874
147291729
89554460
147584965
148036355
86887789
88053940
148300428
88613887
148698712
120604664
86699893
86191162
149088412
119567540
149434764
145413369
89223559
155562288
148176548
87473050
149352537
88531256
88468979
148321144
149098883
90741501
89957216
89576541
146447260
120981824
147989228
88682355
88778796
118939806
87604796
90144113
89502479
210439939
89331659
148695344
87895422
148400232
147762338
148608639
89813476
