37443026
6002825
1782770
1436565
2350532
3095455
1313787
1333957
1301911
1529490
1439862
1470814
1696477
1676830
1744922
1741541
2086565
1880114
1866191
1656922
1676306
1581827
2078210
2004326
1968293
1938556
1975120
1709470
1728224
1688745
1601640
1570276
1517932
1584996
1436441
1540359
1570955
1613019
1407741
1557990
1324593
1541702
1663968
1501465
1481662
1562973
1545683
1640050
1775859
1510022
1835983
1557098
1545686
1542551
1609117
1846497
1576514
1627902
1586644
1550349
1751803
1745058
1782156
1521447
1512828
1682939
2050562
1748937
1871079
1935411
1596509
1913395
1972253
2020871
1956850
1716070
1641414
1635768
1481074
1514006
1657477
1632797
1590470
1516549
1812013
1699631
1795691
1507145
1513723
1401629
1612751
1588764
2153824
1284665
1550869
1450128
1693422
1533206
1355556
1508771
