1147499978
559891559
1675815284
563496214
1679793722
560258493
1679643904
559569600
1680866892
561381535
1677637899
559160915
1681306410
559363179
1685176389
565014229
1679570931
560405707
1679969844
559515578
1680120189
559135798
1682027467
558600710
1680657421
561201844
1677637204
560138362
1680015442
563035524
1676820938
560074503
1689807163
560466374
1676811792
559543150
1682740796
560250285
1679620912
560144252
1680933809
559365053
1679879354
559623666
1680240734
560246224
1679691756
565492037
1683858303
559921280
1680681767
559703108
1679932862
559418739
1681115260
558984466
1679188913
561275198
1679991594
562571263
1678576794
558450673
1680112880
559043491
1680261126
560868156
1680157922
561058596
1677774999
559361651
1682380354
557818068
1678990659
560400897
1677406024
562568778
1682332382
559007250
1681027791
557819180
1680088695
559723384
1685013099
562337590
1682468503
561651332
1678044507
559844142
1681049534
559587265
1679770579
560514615
1679335071
557459902
1672667328
559716223
1680117919
560349696
1679156367
561722889
