151998690
1319176
1326514
2198197
1305839
1517732
1518664
1449152
1470085
1928584
1516040
1636486
1396093
1449237
1458680
1517474
1612488
1712033
1358829
1526978
1577904
1614592
1479926
1539734
1570607
1711003
1370355
1843285
1427083
1563981
1799792
1555928
1660937
1514391
1489586
1731951
1580947
1588064
1818492
1588862
1384788
1590136
1685175
1612003
1694674
1783542
1627973
1674351
1437538
1640815
1662958
1658769
1517655
2038836
1484088
1547680
1490187
1633393
1567793
1594269
1670128
1697309
1779478
1402216
1639929
1691768
1638300
1681396
1445898
1357332
1514540
1424248
1441445
1559623
1573298
1626118
1628517
1726509
1508540
1718898
1600497
1836553
1314379
1619489
1646185
1459945
1591773
1609096
1547865
1805663
1499279
1647539
1505077
1560697
1883442
1462535
1588424
1594011
1627029
1860522
