37304769
1455384
1534171
2513336
1462105
1563680
1536494
1822287
1504049
1507237
1712872
1654750
1511520
1623070
1505858
1465779
1502141
1489367
1529842
1621863
1552938
1478204
1615926
1424632
1582078
1495835
1719812
1354304
1786636
1634627
1486549
1755259
1553688
1522858
1532584
1289145
1599158
1521708
1308157
1509652
1598630
1649560
1380166
1439976
1808757
1579921
1497341
1554199
1575052
1536797
1462521
1379270
1379989
1305691
1216548
1232970
1518276
1417478
1461086
1383585
1502986
1455849
1914632
1354214
1590412
1396259
1223432
1520753
1461094
1313487
1468722
1350026
1242337
1429968
1492919
1537563
1656716
1342161
1374260
1421640
1508795
1525969
1433789
1658913
1405493
1386596
1247870
1419526
1542883
1391735
1321388
1448738
1628951
1431435
1584737
1323840
1466675
1564386
1424190
1809663
