215165021
88623774
89909610
90775474
90149233
87110604
89458202
150085521
120276866
89466307
90860216
146420918
210222053
87689675
90558788
88552029
89786705
88361306
88890744
88669540
90224983
89351369
90235816
145449519
124551523
89832476
90359845
144642831
124801014
89585618
90283483
145340803
124837173
90561998
90632453
149204304
209238467
89493182
90434326
90801970
89865597
90274546
88787403
145179546
125064619
90717671
88769307
145222021
124947730
90324471
90146040
89650231
269979036
90719886
146688434
86619592
216247196
148558092
86251320
90107306
240858736
89210494
88944152
88552965
89035221
89599315
90028048
89759877
268663849
89118344
90684588
90572098
89809153
88177007
91124899
148582496
123693249
87924127
89598610
145107947
120160560
90694382
90833737
89094966
269336156
145150791
89647107
89303311
302926357
89748836
89574868
88671942
179499374
90481122
89006993
85987024
90105193
89604351
90499469
90117262
