37630236
1835862
1376035
5588074
1759691
1633875
1341024
1435737
1601927
1547406
1402380
1318018
1492191
1626064
1540080
1492593
1515979
1555520
1590246
1604304
1751109
1824235
1379487
1283614
1595176
1553224
1702754
1455844
1474031
1670487
1477549
1577786
1506371
1849329
1465628
1553030
1518684
1473000
1348749
1528929
1973659
1179839
1323344
1608852
1725331
1253253
1500690
1276549
1585002
1371576
1825346
1520548
1423242
1583000
1576994
1510130
1557234
1889559
1748775
1466066
1367847
1566185
1412122
1581316
1335698
1589647
1413742
1520805
1281274
1549105
1589313
1506745
1369619
1248499
1343271
1393344
1364054
1393578
1464060
1519550
1645500
1341094
1333952
1335364
1202812
1423694
1306753
1243744
1313080
1459911
1685160
1637049
1378123
1350619
1317405
1340222
1448627
1549581
1448765
1516856
