37175846
5566024
1595034
1416043
1585067
1552395
1620572
2036028
2000430
1602343
1431385
1511676
1667161
1656364
1361404
1675567
1684334
1647348
1738983
1373464
1611373
1921191
1439793
1786535
2008658
1640933
1548663
1657830
1456904
1593739
1654485
1905499
1724579
1473264
1477973
1573840
1691568
1726712
1459568
1619033
2062633
1470217
1399501
1758993
1529111
1313470
1282320
1279717
1316222
1524227
1547897
1414883
3426832
1469920
1682193
1716656
1691889
1670247
2077000
1872608
1362882
1612993
1628837
1864334
1305941
1564156
1562068
2004614
1477198
1345619
1733071
1797229
1698117
1525685
1404434
2122486
1320989
1349340
1828854
1521283
1587800
1521727
1430946
1538489
1415416
1567145
1653215
1632935
2047741
1412435
1463714
1658900
1596576
1533835
1425544
1727332
1727723
1546109
1269457
1594856
