40449276
2352310
1615466
5123807
2426563
1353589
1821212
3035742
1358359
1516188
1475826
1353548
1576759
1926958
1453960
1608157
1279854
1492919
1578987
1516687
1615051
1659308
1473078
1448860
1290810
1773557
1368402
1565659
1601162
1782661
1436911
1486103
1516625
1196426
1386745
1278310
1675958
1388145
1407739
1426753
1697645
1292265
1594284
1496498
1485065
1471245
1623735
1476896
1451990
1301967
1471732
1745916
1416722
1621490
1271633
1520012
1568292
1430860
1417054
1689400
1357870
1669149
1431731
1506300
1602437
1404173
1364001
1313549
1442050
1474811
1593622
1527608
1794834
1339848
1634174
1514200
1476170
1429182
1311564
1328332
1768621
1335199
1467565
1350758
1190064
1481925
1583304
1700259
1761798
1595811
1275079
1717406
1226572
1163958
1399465
1641080
1426975
1397690
1415602
1520560
