1427044151
2236199666
2245126051
2237495735
2240065772
2241319487
2239586740
2246525537
2242663318
2239788765
2239953847
2240954258
2238907581
2237707739
2242476799
2240066974
2251499690
2235467210
2242757837
2239507941
2239739933
2241497031
2236579407
2244865283
2246771676
2241437835
2238861687
2239918082
2239768204
2241290421
2239901074
2238615256
2241048982
2239309574
2240483998
2239406008
2239328389
2238327186
2241418555
2239352635
2240856651
2244913230
2245329148
2240171804
2241286951
2238400619
2237552311
2231884664
2241165470
2239914731
1398686814
560314893
559649173
560742321
560336894
559781051
559615535
560161255
560047052
559207080
559685690
842841818
557600234
559126615
279153639
561640939
561041119
280185351
558459561
560732649
559161694
560550546
280161793
561569331
1116399403
561288210
560931761
560972626
558406615
559512745
560718660
562846250
559447073
557291626
559273035
560902881
561168407
558060122
559756800
560620818
559509298
560826241
561284749
558370758
559297624
560421829
560084981
560131233
560503002
560785974
