190898744
90171806
192904415
88151856
192746886
88785058
193009131
90012047
191042790
90665942
190046141
89715027
189782364
89770829
191107116
88208060
190783121
90119453
189748812
88027305
191409267
88040382
189567248
86737658
192059345
91030214
191025183
87064130
191476597
86570830
192990346
86785239
192974758
86075514
187609187
90414895
190025699
90256891
190843306
88518852
190460988
89798212
190009994
90049610
189825074
90195756
190332507
90137144
189740923
88989583
191088870
89463430
190054564
89974473
190077279
90413561
189640269
89638087
191126553
88967356
190345720
89811706
192649589
87677332
189712202
89650542
192414070
87932120
190715976
89346388
189993807
87444667
191722872
88393071
191789354
90319913
190213172
89873102
192243619
87442079
189862819
90422100
189132807
88361498
192067135
90044449
190095313
90154632
189617974
89882728
190711940
89228533
191058887
89103468
190241796
90000497
192004868
191492793
85901104
191885591
