37815461
1552771
1343809
5759566
1708082
1863322
1715591
1638458
1630844
1635454
1394226
1278835
1407623
1390071
1495882
1310707
1536135
1428938
1802166
1629016
1727878
1359603
1846868
1367420
1443413
1669576
1534018
1446046
1239299
1618168
1841818
1500397
1395646
1526377
1548640
1559417
1884069
1332312
1418619
1436565
1617847
1402530
1318767
1526910
1826838
1569520
1801639
1379790
1317265
1258071
1755691
1572752
1453928
1416532
1833869
1434833
1435281
1475417
1538713
1663479
1543316
1935762
1432042
1248377
1628288
1325177
1307690
1489244
1831550
1878435
1493167
1531982
1378266
1514116
1597400
1495665
1494657
1690425
1640871
1585426
1493436
1471284
1563729
1344489
1616823
1306548
1469214
1455997
1483031
1456124
1462410
1463549
1489806
1508016
1569844
1569810
1488136
1699087
1290960
1404257
