480296890
148254596
148873064
148520571
89912199
89744847
90087000
145782560
124441120
89894627
90123611
90156440
148982287
145988368
88702484
145855886
155391007
148452272
149299804
148872445
147291999
145769513
86060730
90095830
90426647
88989419
89658245
89353227
89824745
145510217
88714496
87693689
149870058
89407067
149677687
148470997
88822633
85925322
148585557
149170893
89245965
147936439
89351616
146015188
90113061
144964649
149117260
90588475
119942611
89851802
144690060
90820510
143559733
146079015
88948534
147624544
148108440
145001230
90237214
90304650
94732156
89702161
89634766
89814808
260630785
90185350
149152340
89752279
112600925
89571886
88704640
89965584
88553165
90559229
148532576
146887818
150488263
148561214
149101365
88882094
87809369
90644914
149322114
145159560
94876605
89580227
146047347
89270969
119394887
148582985
89853117
147716968
89770297
89422095
145357086
90296479
124335499
90072788
147476887
146482842
