391170104
89014951
89652424
87419629
124599563
149402328
89915920
147208905
117687691
149261461
145898666
148263675
245946187
148635059
89888527
145259848
152306773
149713445
88641597
89803184
88171185
147134131
149007013
146251735
146133077
89302060
149539262
147689170
91023389
147785737
147200223
90038305
90376324
147852868
87808540
145809596
88839467
89570662
145446684
90478004
210359051
89163512
90829532
148795646
110566688
149326003
144605493
85629790
90298176
149863117
147851165
146752320
153878593
146008213
148397164
146434585
89904799
90440700
145795934
149084851
143913105
90904744
90495021
148892882
111919944
89544031
148901228
149463122
149905093
89864539
89670559
86528784
93145750
86637102
90128534
149791804
146619274
148377426
88463824
149326283
92039425
89521268
89655297
146364218
121597911
146573550
147256116
87922556
90725709
148621132
91028185
89770372
119373707
148657318
87870341
148365153
87226924
89690502
90394375
148410590
