38496908
2202083
1161280
5040930
1791936
1578501
1624720
1465855
1494873
1646812
1753905
1729470
1379214
1504122
1969201
1491891
1375548
1738592
1351473
1677280
1522387
1554737
1486613
1574751
1502645
1435337
1268049
1852130
1263964
1394817
1414990
1446990
1453636
1980721
1241576
1323746
1393141
1616809
1232074
1278597
1292251
1586193
1202445
1219442
1211703
1324301
1598328
1308744
1204535
1293978
1521372
1655097
1660248
1567054
1288056
1346001
1304045
1919621
1330552
1192012
1373291
1855334
1351158
1515325
1490370
1383820
1263247
1340932
1539520
1828465
1439492
1289660
1619365
1437203
1589005
1503678
1800759
1603099
1676978
1599311
1663987
1471684
1881495
1338552
1318339
1319784
1302162
1463473
1623557
1434764
1578196
1539593
1660879
1435049
1449506
1253829
1240087
1236504
1616672
1185150
