44346235
2113760
1796948
1671953
21747019
1774832
1853180
2064663
13497028
2005795
1602645
1632605
21110827
1985631
1689635
2137956
13885841
1853205
1612365
1686610
19372431
2155210
1478927
2066390
13702826
1941985
1920048
1912157
20911903
1999690
1874217
1890144
12742963
1973339
1660187
1729627
19882572
1767716
1571507
1604753
13421984
2028860
1644560
1620169
20932922
1638354
1654339
1920799
13100087
1843833
1553720
2074849
16456346
1960944
1620709
1689355
5576508
2115791
1446294
1730078
11900419
2015826
1803057
1944019
4197118
1701435
1571939
1706800
11709764
1529901
1563397
1483643
4741463
1668783
1490790
1676441
12916074
1815015
1470237
1517074
5041312
1692711
1527343
1681609
12878443
1890500
1923730
1843271
5591727
1679165
1663028
1741728
13700906
1711744
1876766
1921092
5711239
1909802
1860319
1865838
