303888801
147986514
145032491
88774537
245796816
90189381
89511040
90802774
179427062
89009175
88270329
87476813
91008364
88452149
89950816
90232001
175480701
90079397
89448249
90180764
180626265
89393582
89983705
90110044
89219950
89390881
90817057
89391534
90603917
145146086
89588128
90339879
126351546
149015371
89724049
90061583
118937249
90482145
90736742
90052507
179248660
145088003
90119477
88745102
215954611
90385191
89307525
90428259
270134021
89797442
89677145
90543432
180924142
88515001
90107834
90148332
174977204
90320790
90921944
88842732
298784320
88469749
89050867
89947264
268417454
90141051
89640284
89267163
181408350
89485915
88330460
90954658
90997317
90712440
88915658
89261496
89992590
145086606
89297243
89061984
123484291
88913505
89398942
89742601
180409857
89856297
89634721
90095638
90231812
86972735
89925532
90113408
89360066
88639885
89126446
90427005
179138480
86088242
90299194
89570249
