88528386
190003832
90043565
90174587
189861487
189661008
190621895
88830431
89075903
190279699
190843884
90066822
89536610
89653930
192636759
89021410
188851336
191031813
89024878
90285802
189895814
189529429
190883632
90219960
90004153
89178608
190780845
189600104
189201527
91199013
89545209
89726618
192202218
86491681
191360395
88673743
190889196
189822500
192855655
87819817
90318389
188860852
190006540
90033500
89994463
89445910
190452072
90092723
190315282
89365304
189849895
190805361
89624424
192305677
87505570
190878627
89555198
189584058
190391907
89721749
189576684
89514868
87791833
191282762
192014958
89647167
90313531
89682450
190299734
192867810
86825790
190954090
89057434
190962092
89744667
189183229
90393613
189313912
90546679
190089631
189649294
90706896
89979972
86369102
190606073
191867324
192536749
88729958
89502131
90146743
189608617
190193339
90047126
189850426
89626582
192011703
90154879
87486387
190991864
89446029
