31293280
15960120
12019662
1719267
14387694
5474562
6924024
1922884
5566989
7528614
4729386
1382481
3086300
7092796
8009123
1956799
3599798
4792498
5348795
1945136
1971793
3066222
8727553
1316295
2130338
11706891
12920140
1818380
8314255
3448127
8050178
1605019
10402590
3662363
10321416
1341728
14181738
14029380
13323180
1664264
10810893
15198328
12498237
1972835
12685126
14424103
11534915
1538791
10320200
3858638
10312519
1547972
13185080
3426270
8874104
1662940
1877782
11227257
5473318
1713468
3226516
1532677
7260015
1810548
9057366
4573155
5154566
1913529
3488307
12899794
3552806
1938313
7448508
3352797
9145779
1388057
1831723
11580792
3802057
1855641
6966680
1788813
3639364
1898030
9138644
4406264
8482837
1923912
5579206
7342249
3644597
1751843
1893639
7514950
6637853
1630625
3110256
1420871
7519260
1593546
