40248272
2472849
1478879
5214716
2376403
1560889
1461253
1295841
1526631
1410740
1694445
1509675
1611369
1947912
1544771
1252632
1433411
1643430
1334573
1460523
1598246
1530676
1561577
1287286
1504016
1856464
1432797
1260116
1787539
1324415
1696023
1382698
1521312
1320735
1457261
1524944
1461414
1794586
1627170
1167472
1596783
1525814
1264786
1522688
1506897
1440504
1469463
1487243
1529240
1459339
1598021
1456461
1315363
1906103
1240854
1324151
1687714
1347925
1801891
1424157
1344365
1472113
1380533
1630299
1548875
1528325
2023252
1204292
1381317
1411255
1286291
1514710
1593766
1306697
1529936
1446816
1697524
1711778
1428466
1172631
1377838
1649192
1284759
1475563
1874646
1327404
1497185
1433551
1262111
1343229
1373147
1499062
1647641
1558965
1723065
1407721
1449781
1120003
1374366
1693479
