34814010
6070339
6458154
1513956
3938295
6290456
7166671
1691806
1753013
3733665
10796920
1968403
2040212
10820506
3705236
2004232
8527761
3078705
1627714
1611244
8202858
6499054
4516091
1589767
5126676
7620169
8128207
1674835
10667295
12973367
13146993
1622423
9979507
13497560
17569918
1712333
13207410
11932210
3904128
1952080
9792072
3278018
13465286
1912428
2024009
14459209
3557901
1851905
11266760
3056321
11432380
1933084
2006869
12268118
15917828
1967986
2022650
1946948
12036551
1912879
2004909
13483277
3146863
1674941
12501619
4016719
11873113
1612130
1718958
11428054
3899505
1853949
1577518
4636340
7170311
1945915
5835745
7589468
7079774
1566615
5019885
4857321
13611880
1671290
1508895
1925359
14241927
1915133
1771835
9205662
3234205
1966244
11808024
3683271
11694837
1928345
13164974
14083531
14290288
1917980
