38870481
5875605
2003393
1415309
1650019
1900751
1823545
1569221
1549906
1775239
1494429
1648501
1753478
1736512
1848789
1814509
1439508
1472903
1417753
1957291
1556322
2158536
1783511
1479143
1519588
1440743
1425441
1613234
1514420
1734951
1510915
1567395
1686456
1388909
1544143
1704444
1565613
1926436
1697654
1218968
1861446
1444608
1603557
1673437
1335391
1642125
1712538
1706873
1587337
1260521
1334731
1538794
1777260
1430300
1321787
1323904
1681233
1842340
1253433
1599027
1659519
1618362
1772390
1823089
1765531
1263414
1484788
1416216
1736117
1906683
1456726
1546654
1418930
1463307
1634403
1622634
2106699
1564815
1607210
1741696
1489143
1740926
1619922
1497648
1401993
1455575
1536524
1765958
1420883
1575856
1848596
1480298
1703667
1530632
1347322
1681571
1548513
1830831
1429991
1316921
