484954720
89800416
87070055
89496861
90690532
89479071
90139200
89504318
90975290
149394694
145663271
89288539
239104878
89941970
90313870
89244648
265910363
90103828
145500300
87992885
126356159
90278125
145114411
86652183
127385188
90232830
90330181
90931294
179444008
90770834
88585893
89764327
89941759
90005108
89570316
146485437
214595569
89046834
145223410
90311762
125625228
88670888
144973912
87544560
127853884
90199244
89483037
90377105
89812711
89822862
90510047
146829695
122651554
89946864
90310058
88557238
176644484
91012725
88831365
88872999
121876760
88094658
88379855
89070990
89736248
89792457
89987357
88794219
90197017
89585433
89233952
146060372
213246756
90713846
148804561
86479749
125225716
89788871
144933085
89306329
121591367
91135074
88490160
89215906
90378632
89939572
89935958
90235105
179701061
90097091
147484912
147515313
239260164
90275155
90471291
88858329
85841747
90498014
89836901
90151179
