38259293
1841801
1474947
5217942
1654405
2401593
1301547
1402729
1534612
1583553
1405514
1678615
1586788
1746485
1884234
1324320
1504117
1718561
1462700
1268883
1475321
1811881
1702065
1389872
1215757
1532639
1501908
1476656
1234810
1822188
1374169
1666478
1414969
2058626
1278208
1323659
1350082
1640903
1216294
1266485
1293102
1156198
1159474
1242323
1445585
1695116
1369979
1248699
1302812
1187201
1372578
1664773
1412592
1536024
1457380
1185318
1267752
1603810
1523080
1363755
1506837
1320414
1528313
1691298
1283566
1366057
1265763
1582274
1476359
1789974
1600398
1796432
1617384
1362956
1646593
1443163
1750989
1532558
1374105
1679013
1584326
2112370
1411942
1617773
1464599
1290774
1248592
1374897
1672719
1389843
1728634
1304057
1353677
1380368
1659663
1349004
1285714
1275472
1448423
1203947
