38300742
1618055
1238253
5945193
3679101
1550981
1280115
1493403
1445264
1646764
1547483
1452328
1957310
1417938
1493456
1549750
1534349
1510098
1529410
1768117
1825954
1432015
1247470
1378640
1554563
1436894
1449716
1329608
1546008
1369422
1856821
1758438
1646696
1321653
1633537
1378039
1220760
1204093
1221180
1215808
1205760
1290419
1308982
1914781
1470944
1361389
1260519
1406145
1213641
1317443
1258402
1415229
1309143
1422071
1407775
1596219
1835698
1255165
1680007
1349169
1416272
1857741
1380402
1717623
1366864
1224914
1246696
1344155
1821778
1683337
1345464
1550106
1698567
1668619
1464910
1660028
1722371
1585049
1532115
1549128
1413548
1835208
1564483
1614350
1377823
1415040
1230419
1268198
1429702
1317177
1633326
1582929
1355245
1520829
1225565
1160833
1447940
1418790
1256637
1342736
