124893099
90840872
90131179
146483013
213094779
86226431
149634262
90303522
119674602
90819502
89530864
89637909
89035354
88193185
87534118
90763667
266710327
88880814
88675095
90048445
270623862
89739343
89621394
89648004
268974998
90760977
89458429
87587487
184186701
88820323
90822788
90453319
88710958
89687141
89926272
90023074
179975893
90763484
89866894
90025021
269984968
89549034
90553603
88792564
180909782
89224734
90362054
90158071
89497725
90393103
89814355
89724039
90508137
89926394
88617702
85937563
95042960
90305693
148360911
145656380
91028011
90682053
89841535
89142162
177604319
88902970
89987592
89533028
89977225
88736149
90254247
89780341
88972504
146089834
88622407
88690306
126904410
148595832
86436688
90353467
215368059
89342520
89976589
90037675
264663207
90112180
90513392
89566804
90206557
89556605
90216750
90060717
86812150
90083939
89843993
89591744
88656830
148859148
86422740
89634975
