37614660
2127746
1488484
5374810
1698079
1745916
1405722
1679369
1626358
1297408
1579563
1421820
1531959
1487561
1461060
1244508
1491708
1436869
1821738
1635423
1957205
1721456
1483430
1336853
1532885
1333317
1316589
1493219
1738773
2017484
1769728
1393111
1384035
1461120
1555598
1282824
1839422
1458907
1367567
1364591
1543433
1675449
1249058
1394367
1507888
1586611
1525600
1375977
1282888
1541113
1859220
1586467
1428462
1943999
1540571
1239409
1716964
1396508
1516326
1685839
1509874
1441024
1316013
1456948
1276907
1662786
1412212
1612822
1719082
1412461
1576845
1538702
1417228
1721178
1433395
1245422
1359429
3126476
1486489
1341900
1590427
1277547
1475831
1464103
1293498
1573871
1551389
1434986
1399591
1545474
1434110
1376477
1707188
1371924
1280066
1430469
1899809
1405882
1338248
1480378
