37300316
1506075
1763578
2062100
1399364
1572338
1662916
1905981
1325528
1514096
1586791
1539656
1586577
1521465
1504516
1568111
1635022
1486465
1479590
1581914
1557460
1646320
1514474
1518044
1768348
1469106
1660008
1388969
1500367
1558893
1633456
1627255
1707499
1355054
1592922
1707160
1608027
1437463
1437026
1396385
1415231
1428027
1477500
1495376
1643832
1566624
1583855
1729631
1487501
1490341
1529145
1467950
1394151
1594384
1336739
1397352
1337009
1199381
1320427
1482316
1400734
1513021
1375523
1776923
1585104
1337550
1249927
1279921
1424562
1647997
1460063
1462928
1234882
1439759
1445691
1605716
1406593
1539548
1323418
1424518
1453195
1732815
1519360
1423373
1426717
1333834
1410476
1409314
1353390
1272085
1444037
1427229
1442923
1542380
1456659
1606798
1425193
1427577
1704523
1380341
