190170976
89971099
189529720
90183344
89832843
189190145
192369269
87391399
90734754
189807721
189665557
90902109
90053553
189002149
189976238
90632141
191889370
88350397
89761762
90545116
188977576
190847477
189462127
90133513
90549918
90004315
188931319
190805148
189465326
90100153
89144517
191231408
89649041
189911659
190480375
89182009
89632038
190722246
188772666
90737903
90175041
90817801
188730911
190835629
89157111
189632031
190556898
89972629
189574517
90492750
189717749
90009607
191322077
89465969
190214133
89187871
90140091
189959837
86937926
191271243
191966851
89631802
89851677
89879809
190409627
189619590
190205353
89880806
189821327
89873912
190654511
90598407
188683140
87253809
190913493
89853907
192309964
90338702
89748551
190293651
189863197
90414413
88572052
87471474
191006033
88989833
190001162
191263862
188682993
90539609
189472117
90303924
190561923
89762183
192130479
90703874
191859643
188466637
89078381
189745509
