38136595
22751326
7178434
1989340
21260428
7297624
23023604
2015202
4759179
19916869
6998143
1956242
20844578
7691249
23446474
1967279
5476843
21107195
6252317
1597804
16795879
6328012
18192144
1594265
4738090
18630450
6250901
1571129
17172092
6218552
18628439
1607559
4629930
18416856
6743287
1930362
22123926
7077333
22752995
1985571
5091885
23542214
7463001
1935172
20099974
7571585
22759350
1745371
5412379
23150047
7009164
1594227
19028520
6804385
21391454
1886990
5748408
23138724
6842230
1618588
20896494
6261838
22724335
1964573
4669557
22856615
7716599
1902559
21093618
7527303
22088863
1747830
5743402
26016622
7475806
1850523
20919883
7765887
22770641
1880396
5648314
22507970
7584316
1927608
20429628
7304446
22785780
1798912
5479016
19381596
6032119
1634880
18677849
7431594
21500756
1609129
5216590
22182843
7403607
1758150
