37187509
5350180
1815695
1707140
1650564
1512400
1469731
1778533
1655855
1781086
1452636
1663472
1707002
1513011
1772794
1525583
1641714
1576093
1632198
1781137
1700653
1445515
1610995
1752951
1563520
1816018
1651033
2002106
1691148
1406915
1560167
1617135
1592745
1617735
1578074
1944395
1539687
1889284
1824499
1439884
1419078
1552579
1512796
1671296
1353793
1293440
1359531
1333798
1754421
1392746
1422305
1398353
1723647
1509053
1626188
1717808
1861414
1813348
1711095
1552943
1515323
1814048
1781429
1749175
1752141
1454008
1454152
1648353
2110524
1381808
1421315
1344861
1642005
1627362
1583828
1675214
1667871
1570940
1748041
1421118
1738165
1212520
1635253
1655824
1430773
1738561
1342265
1889206
1971192
1344247
1629674
1446008
1696935
1531473
1513763
1353945
1540709
1624227
1391355
1569658
