37465755
5243720
1858784
1447020
1743113
1496496
1414048
2173572
2327872
1581698
1643268
1441263
1706373
1428754
1326962
1510498
1566587
1496864
1733909
1706801
1578088
1554945
1734452
1736131
1575850
1668319
1683382
2011923
1342302
1592712
1638848
1922790
1336828
1584988
1583272
1890573
1521393
1650632
1747008
1514857
2138859
1468566
1475809
1568118
1514791
1333428
1420262
1364417
1383763
1387689
1593359
1507250
1609296
1431477
1753434
1822572
1637306
1846742
1626688
1375967
1743119
1610929
1807509
1658628
1509130
1490953
1540769
1652993
1679125
1619309
1625506
1679826
1683088
1665112
1901201
1516976
1564060
1444759
1764607
1724241
1531955
1287583
1365273
1869433
1536398
1663842
1448876
1818541
1633621
1398077
1620697
1400375
1977837
1769237
1451387
1228841
1415655
1444886
1826681
1670904
