37403627
5935656
1692563
1912109
1365763
1435727
1623515
1536535
1608297
1576541
1620137
1461445
1458175
1679606
1752738
1683734
1817273
2190180
1592403
1972384
1711144
1572096
1589733
1910278
2351131
1881939
2059614
1953281
1758977
1750299
1802510
1581292
1962251
1416555
1458974
1375926
1403989
1333847
1449464
1412596
1896694
1641915
1381592
1343873
1302306
1629302
1447398
1757689
1730900
1675066
1444727
1599073
1392414
1317842
1445547
1421097
1329608
1256075
1633616
1450125
1617790
1598246
1690875
1640919
1654487
1552827
1657688
1936102
2013942
1566206
2045021
2048213
1339439
1883477
2056571
1890412
1995897
1674338
1732421
1575765
1890645
1470447
1794705
1551968
1478813
1430147
1418677
1752423
1680685
1527386
1642831
1548219
1783091
1528328
1499559
1528897
1581011
1509153
1558217
1510330
