151870542
1572770
1399834
2072453
1377239
1449773
1533956
1444511
1532105
1579082
2014648
1550829
1662031
1439656
1381865
1442314
1433958
1444985
1754636
1465052
1526695
1604204
1540721
1620631
1514251
1396941
1763495
1449449
1521239
1774795
1362402
1791449
1569200
1696403
1534304
1454346
1616813
1537142
1638204
1670449
1668315
2052713
1368003
1414293
1690464
1684952
1569813
1894514
1420204
1842327
1669441
1611608
1446041
1527027
1600470
1651418
1706868
1649854
1743363
1602590
1522947
1787262
1806925
1478604
1474806
1683827
1472986
1749519
1363992
1360833
1518478
1595240
1449634
1684250
1504947
1774541
1525089
1808371
1520688
1610573
1341123
1626662
1656042
1614114
1507345
1595401
1826982
1624271
1544723
1547939
1456301
1815213
1518022
1709423
1583206
1390236
1629345
1818924
1517075
1593530
