151759755
1716104
1509134
2085316
1336353
1404712
1329815
1350471
1618896
1895671
1468297
1524366
1602692
1297265
1587560
1547921
1590258
1636302
1486235
1519819
1518095
1610268
1730550
1605975
1372960
1548191
1662438
1568526
1469047
1860642
1383188
1523189
1630070
1560890
1888912
1520286
1449074
1513513
1654580
1608872
1898641
1576362
1376213
1969785
1535692
1787461
1421178
1560065
1772763
1545033
1510843
1607303
1722967
1849390
1549341
1506960
1700468
1705253
1609921
1789497
1404013
1851443
1540809
1392106
1664210
1549250
1627937
1618594
1344760
1368962
1677984
1704653
1488122
1607830
1377421
1654853
1521200
2017067
1423834
1570712
1490765
1744481
1338284
1589358
1633408
1578480
1679645
1644491
1576976
1584654
1483535
1573645
1626690
1860986
1397561
1541324
1680795
1649056
1813788
1794966
