38272528
1676155
1418615
5584203
1531652
2909399
1390334
1345490
1277767
1396226
1339264
1539432
1484870
1602553
1627010
1564992
1818182
1401011
1514685
1520255
1549249
1559480
1542923
1460928
1683005
1256705
1612080
1482185
1392622
1530303
1240863
1448842
1781945
1565099
1374670
1774984
1185445
1332740
1165519
1309898
1213219
1228680
1166042
1220059
1528827
1478364
1276057
1455023
1207185
1453460
1508769
1515204
1720603
1334048
1396086
1659691
1404718
1581464
1209164
1886500
1354177
1505727
1428821
1497790
1432542
1362651
1422488
1412687
1424801
1605096
1753522
1290184
1621829
1611236
1557835
1297031
1529046
1802385
1532035
1631754
1681533
1728011
1474602
1619500
1344493
1302511
1182807
1499236
1510086
1529925
1584061
1409422
1458129
1521447
1484467
1409319
1265779
1398429
1295170
1568466
